2024-08-20 21:19,178.53,178.55,178.4824,178.54,11342
2024-08-20 21:19,178.5491,178.5492,178.5491,178.5492,1000
2024-08-20 21:20,178.54,178.55,178.35,178.5,64523
2024-08-20 21:20,178.51,178.52,178.51,178.52,30
2024-08-20 21:21,178.51,178.55,178.4784,178.5,56983
2024-08-20 21:21,178.495,178.495,178.47,178.47,4053
2024-08-20 21:22,178.4154,178.56,178.4154,178.52,108617
2024-08-20 21:23,178.51,178.5899,172.03,178.565,54730
2024-08-20 21:23,178.565,178.565,178.56,178.56,59
2024-08-20 21:24,178.56,178.61,178.4687,178.58,56148
2024-08-20 21:25,178.5717,178.6,178.4875,178.5186,39912
2024-08-20 21:25,178.5298,178.53,178.5288,178.53,1586
2024-08-20 21:26,178.52,178.5551,178.47,178.5299,77595
2024-08-20 21:26,178.52,178.52,178.5112,178.5112,230
2024-08-20 21:27,178.515,178.5293,178.46,178.49,60912
2024-08-20 21:27,178.4909,178.4909,178.4909,178.4909,20
2024-08-20 21:28,178.49,178.5238,178.43,178.445,62606
2024-08-20 21:28,178.445,178.445,178.44,178.4401,942
2024-08-20 21:29,178.445,178.5151,178.36,178.4,70668
2024-08-20 21:29,178.41,178.41,178.4001,178.4065,142
2024-08-20 21:30,178.4,178.4933,178.39,178.45,47038
2024-08-20 21:30,178.45,178.45,178.4312,178.4312,402
2024-08-20 21:31,178.455,178.4871,178.4,178.44,40360
2024-08-20 21:31,178.42,178.43,178.42,178.43,434
2024-08-20 21:32,178.4112,178.49,178.41,178.48,52398
2024-08-20 21:32,178.475,178.475,178.475,178.475,9
2024-08-20 21:33,178.48,178.49,178.427,178.445,35251
2024-08-20 21:34,178.4401,178.4526,178.39,178.405,49335
2024-08-20 21:35,178.405,178.4593,178.33,178.3848,62398
2024-08-20 21:35,178.38,178.39,178.38,178.39,36
2024-08-20 21:36,178.38,178.4382,178.3388,178.37,54601
2024-08-20 21:36,178.37,178.37,178.3612,178.37,308
2024-08-20 21:37,178.37,178.499194,178.3577,178.436,146875
2024-08-20 21:38,178.43,178.47,178.384,178.4399,32629
2024-08-20 21:39,178.435,178.48,178.3928,178.4436,41919
2024-08-20 21:40,178.445,178.5,178.4176,178.49,53741
2024-08-20 21:40,178.486,178.4988,178.486,178.49,445
2024-08-20 21:41,178.5,178.5,178.4102,178.4899,48776
2024-08-20 21:41,178.485,178.485,178.485,178.485,10
2024-08-20 21:42,178.4888,178.5,178.46,178.46,111244
2024-08-20 21:43,178.46,178.5,178.4348,178.485,40725
2024-08-20 21:42,178.4601,178.4601,178.46,178.46,152
2024-08-20 21:43,178.4899,178.4899,178.4899,178.4899,2
2024-08-20 21:44,178.4899,178.5,178.42,178.4398,81868
2024-08-20 21:44,178.435,178.435,178.431,178.4313,232
2024-08-20 21:45,178.44,178.4704,178.27,178.29,70679
2024-08-20 21:46,178.295,178.4362,178.29,178.35,74247
2024-08-20 21:46,178.355,178.36,178.35,178.355,515
2024-08-20 21:47,178.3503,178.44,162.3291,178.425,55849
2024-08-20 21:47,178.425,178.4292,178.425,178.4292,24
2024-08-20 21:48,178.4265,178.44,178.351,178.3971,46739
2024-08-20 21:48,178.3971,178.4,178.3971,178.4,202
2024-08-20 21:49,178.3979,178.43,178.3589,178.3788,46289
2024-08-20 21:49,178.3799,178.3799,178.37,178.37,252
2024-08-20 21:50,178.375,178.43,178.367,178.41,46354
2024-08-20 21:51,178.41,178.42,178.34,178.35,51042
2024-08-20 21:51,178.34,178.34,178.34,178.34,32
2024-08-20 21:52,178.3499,178.4007,178.18,178.23,67483
2024-08-20 21:53,178.23,178.3489,178.16,178.2174,73067
2024-08-20 21:54,178.22,178.3402,178.2127,178.2945,43098
2024-08-20 21:54,178.2912,178.2912,178.2912,178.2912,2
2024-08-20 21:55,178.3,178.3388,178.2384,178.3095,59245
2024-08-20 21:56,178.3,178.3488,178.2483,178.2961,67716
2024-08-20 21:57,178.3278,178.41,178.2595,178.3612,78159
2024-08-20 21:58,178.3632,178.39,178.2837,178.365,29365
2024-08-20 21:59,178.36,178.41,178.3117,178.3688,73582
2024-08-20 22:38,178.4873,178.49,178.4096,178.48,1042
2024-08-20 22:39,178.4832,178.4895,178.39,178.4534,31214
2024-08-21 11:37,178.73,178.75,178.69,178.73,5
2024-08-21 11:38,178.75,178.76,178.75,178.76,99
2024-08-21 11:39,178.81,178.81,178.81,178.81,100
2024-08-21 11:40,178.76,178.82,178.76,178.82,13
2024-08-21 11:41,178.83,178.83,178.83,178.83,127
2024-08-21 11:42,178.81,178.84,178.81,178.83,166
2024-08-21 11:43,178.84,178.84,178.82,178.82,2
2024-08-21 11:45,178.83,178.83,178.83,178.83,40
2024-08-21 11:46,178.82,178.83,178.81,178.82,148
2024-08-21 11:47,178.8,178.8,178.8,178.8,20
2024-08-21 11:48,178.77,178.77,178.73,178.75,526
2024-08-21 11:49,178.76,178.77,178.75,178.77,11
2024-08-21 11:50,178.84,178.84,178.84,178.84,4
2024-08-21 11:51,178.8,178.8,178.8,178.8,33
2024-08-21 11:53,178.84,178.84,178.77,178.77,106
2024-08-21 11:54,178.77,178.77,178.77,178.77,95
2024-08-21 11:55,178.76,178.77,178.7,178.71,387
2024-08-21 11:56,178.7,178.7,178.7,178.7,50
2024-08-21 11:57,178.68,178.68,178.68,178.68,60
2024-08-21 11:58,178.7,178.7,178.68,178.68,215
2024-08-21 11:59,178.68,178.71,178.68,178.71,140
2024-08-21 13:51,180.23,180.25,180.17,180.19,898
2024-08-21 13:52,180.19,180.24,180.14,180.19,532
2024-08-21 13:53,180.21,180.21,180.04,180.04,918
2024-08-21 13:54,180.06,180.12,180.06,180.06,171
2024-08-21 13:55,180.02,180.16,180,180.08,507
2024-08-21 13:56,180.1,180.1,180.02,180.09,59
2024-08-21 13:57,180.03,180.03,179.9,179.9,848
2024-08-21 13:58,179.96,179.99,179.87,179.89,1042
2024-08-21 13:59,179.85,179.89,179.85,179.86,142
2024-08-21 14:00,179.86,179.88,179.57,179.75,6660
2024-08-21 14:01,179.8,179.87,179.7,179.86,771
2024-08-21 14:02,179.86,179.98,179.84,179.96,4066
2024-08-21 14:03,179.96,180.12,179.96,180.12,8235
2024-08-21 14:04,180.1,180.15,180.05,180.15,4209
2024-08-21 14:05,180.15,180.21,180.13,180.18,2196
2024-08-21 14:06,180.21,180.21,180.05,180.1,1905
2024-08-21 14:07,180.1,180.16,180.06,180.16,520
2024-08-21 14:08,180.13,180.15,180.06,180.15,557
2024-08-21 14:09,180.06,180.15,180.06,180.15,680
2024-08-21 14:10,180.13,180.13,179.99,180,4668
2024-08-21 14:11,180.07,180.08,180,180,454
2024-08-21 14:12,180.01,180.1,180,180,495
2024-08-21 14:13,180.01,180.05,180,180.049,261
2024-08-21 14:14,180.06,180.06,180,180.02,478
2024-08-21 14:15,180.01,180.15,180.01,180.15,390
2024-08-21 14:16,180.15,180.15,180.03,180.03,1932
2024-08-21 14:17,180.03,180.05,180.02,180.02,399
2024-08-21 14:18,180.03,180.06,180.02,180.06,841
2024-08-21 14:19,180.06,180.06,179.99,180.05,2330
2024-08-21 14:20,180.06,180.06,180.04,180.06,46
2024-08-21 14:21,180.07,180.09,180.04,180.08,720
2024-08-21 14:22,180.07,180.16,180.07,180.16,911
2024-08-21 14:23,180.12,180.17,180.12,180.16,907
2024-08-21 14:24,180.12,180.14,180.08,180.14,4137
2024-08-21 14:25,180.14,180.14,180.08,180.08,446
2024-08-21 14:26,180.08,180.09,180.05,180.08,264
2024-08-21 14:27,180.08,180.13,180.05,180.05,652
2024-08-21 14:28,180.04,180.09,180.03,180.03,336
2024-08-21 14:29,180.06,180.07,180.02,180.06,379
2024-08-21 14:30,180.04,180.08,180.02,180.04,709
2024-08-21 14:31,180.05,180.08,180,180,1427
2024-08-21 14:32,180.05,180.07,180,180,3757
2024-08-21 14:33,180.01,180.06,180,180.02,2663
2024-08-21 14:34,180,180,179.93,179.93,1500
2024-08-21 14:35,179.93,179.99,179.91,179.99,810
2024-08-21 14:36,179.99,179.99,179.9,179.91,586
2024-08-21 14:37,179.94,180.06,179.94,180.06,3413
2024-08-21 14:38,180.07,180.09,180.07,180.09,70
2024-08-21 14:39,180.07,180.13,180.07,180.12,704
2024-08-21 14:40,180.15,180.15,180,180,5184
2024-08-21 14:41,180.05,180.11,180,180.11,1364
2024-08-21 14:42,180.03,180.08,179.99,180.03,896
2024-08-21 14:42,180.03,180.03,180.01,180.01,52
2024-08-21 14:43,180.04,180.04,179.96,179.96,603
2024-08-21 14:44,180.06,180.06,180.03,180.03,1005
2024-08-21 14:45,180,180.05,179.93,180.05,691
2024-08-21 14:46,180,180.06,179.9,179.95,1324
2024-08-21 14:47,179.98,180.05,179.98,180.02,1804
2024-08-21 14:48,180.07,180.09,180,180.04,720
2024-08-21 14:49,180,180.03,179.96,179.96,1581
2024-08-21 14:50,179.96,179.97,179.85,179.88,5205
2024-08-21 14:51,179.88,179.94,179.88,179.94,684
2024-08-21 14:52,179.89,179.95,179.85,179.94,1461
2024-08-21 14:53,179.89,180,179.89,179.98,1116
2024-08-21 14:54,179.98,179.98,179.98,179.98,272
2024-08-21 14:55,179.99,179.99,179.97,179.97,725
2024-08-21 14:56,179.95,180,179.95,180,1734
2024-08-21 14:57,179.98,180.05,179.98,180.04,1489
2024-08-21 14:58,180.02,180.05,180.02,180.04,650
2024-08-21 14:59,180.03,180.06,180.03,180.06,3243
2024-08-21 15:00,178.8967,180.28,178.63,180.16,68955
2024-08-21 15:01,179.95,180.21,178.97,180.1,989
2024-08-21 15:01,180.1,180.1,180.1,180.1,5
2024-08-21 15:02,180.1,180.15,178.88,180.085,1665
2024-08-21 15:03,180.04,180.11,180,180.04,2848
2024-08-21 15:04,180.08,180.08,180,180.03,1454
2024-08-21 15:05,180.03,180.06,180,180,636
2024-08-21 15:05,180.006,180.025,180.006,180.025,4
2024-08-21 15:06,179.99,180.025,179.99,180.02,1054
2024-08-21 15:06,180.03,180.03,180.025,180.025,2
2024-08-21 15:07,180,180.03,179.91,179.9991,1294
2024-08-21 15:08,179.95,180,179.93,179.95,1535
2024-08-21 15:09,179.95,179.95,179.8503,179.875,1692
2024-08-21 15:10,179.875,179.9,179.85,179.85,1328
2024-08-21 15:11,179.8536,180.03,179.85,180.03,3405
2024-08-21 15:12,179.85,180.04,178.433,179.9122,1345
2024-08-21 15:13,179.955,180,179.91,179.91,650
2024-08-21 15:14,179.98,180,179.88,180,225
2024-08-21 15:15,179.98,180.029,179.94,180.029,780
2024-08-21 15:15,180.03,180.04,180.03,180.04,1133
2024-08-21 15:16,180.05,180.13,179.98,180.06,1408
2024-08-21 15:17,180.13,180.13,180,180.07,5633
2024-08-21 15:18,180.01,180.13,180.01,180.13,1664
2024-08-21 15:19,180.07,180.13,180.01,180.13,409
2024-08-21 15:20,180.0153,180.13,180.0153,180.06,123
2024-08-21 15:21,180.06,180.1202,180.01,180.0112,1649
2024-08-21 15:21,180.1,180.1,180.1,180.1,68
2024-08-21 15:22,180.1,180.1,180.01,180.1,996
2024-08-21 15:22,180.055,180.055,180.055,180.055,1
2024-08-21 15:23,180.04,180.1,180.01,180.07,1132
2024-08-21 15:24,180.07,180.1,180.06,180.06,927
2024-08-21 15:25,180.09,180.1,180.06,180.1,1558
2024-08-21 15:25,180.08,180.08,180.08,180.08,1
2024-08-21 15:26,180.09,180.2,180.06,180.19,2678
2024-08-21 15:27,180.15,180.24,180.15,180.22,3093
2024-08-21 15:28,180.19,180.25,180.11,180.11,1832
2024-08-21 15:29,180.2,180.25,180.11,180.18,502
2024-08-21 15:30,180.22,180.25,180.12,180.185,2481
2024-08-21 15:31,180.25,180.29,180.1219,180.29,2701
2024-08-21 15:32,180.28,180.4,180.25,180.315,2430
2024-08-21 15:33,180.3,180.3,180.25,180.26,4832
2024-08-21 15:34,180.2601,180.4,180.26,180.28,1995
2024-08-21 15:35,180.35,180.4,180.28,180.35,4763
2024-08-21 15:36,180.3482,180.4,180.28,180.39,1725
2024-08-21 15:36,180.38,180.38,180.38,180.38,200
2024-08-21 15:37,180.35,180.39,180.26,180.3,2718
2024-08-21 15:38,180.3,180.33,180.2,180.2,4423
2024-08-21 15:38,180.2,180.2,180.2,180.2,2162
2024-08-21 15:39,180.26,180.3,180.2,180.3,4953
2024-08-21 15:40,180.3,180.33,180.27,180.312,1636
2024-08-21 15:41,180.3,180.33,180.27,180.33,758
2024-08-21 15:42,180.3,180.39,180.26,180.345,1569
2024-08-21 15:43,180.35,180.39,180.3,180.35,1555
2024-08-21 15:44,180.35,180.4,180.31,180.3999,1927
2024-08-21 15:45,180.355,180.4,180.31,180.33,1805
2024-08-21 15:46,180.3999,180.3999,180.25,180.33,3402
2024-08-21 15:47,180.33,180.35,180.2,180.2,3620
2024-08-21 15:48,180.17,180.3,180.15,180.265,1202
2024-08-21 15:49,180.27,180.3,180.16,180.2,2059
2024-08-21 15:50,180.235,180.3,180.17,180.1701,922
2024-08-21 15:51,180.18,180.2645,180.17,180.25,1072
2024-08-21 15:52,180.215,180.25,180.19,180.22,1355
2024-08-21 15:53,180.23,180.25,180.19,180.23,766
2024-08-21 15:54,180.23,180.29,180.15,180.22,1171
2024-08-21 15:55,180.15,180.29,180.12,180.141,1411
2024-08-21 15:56,180.13,180.235,180.13,180.235,7102
2024-08-21 15:57,180.25,180.27,180.1439,180.21,1156
2024-08-21 15:58,180.1,180.27,180.1,180.16,418
2024-08-21 15:58,180.14,180.14,180.14,180.14,80
2024-08-21 15:59,180.108,180.24,180.1,180.18,1250
2024-08-21 16:00,180.15,180.22,180.14,180.2,4655
2024-08-21 16:01,180.2,180.2,180.15,180.2,1490
2024-08-21 16:02,180.17,180.2,180.15,180.16,1211
2024-08-21 16:03,180.18,180.3,180.18,180.28,2104
2024-08-21 16:04,180.2511,180.3,180.23,180.265,946
2024-08-21 16:05,180.265,180.33,180.23,180.32,1115
2024-08-21 16:06,180.3,180.349,180.23,180.3,1384
2024-08-21 16:07,180.3,180.3,180.18,180.28,777
2024-08-21 16:08,180.25,180.35,180.25,180.34,2185
2024-08-21 16:09,180.3,180.4,180.3,180.38,4783
2024-08-21 16:09,180.38,180.38,180.37,180.37,537
2024-08-21 16:10,180.37,180.39,180.3,180.33,5342
2024-08-21 16:11,180.3,180.33,180.23,180.27,3554
2024-08-21 16:12,180.27,180.27,180.15,180.21,616
2024-08-21 16:13,180.22,180.27,180.2,180.24,1099
2024-08-21 16:14,180.27,180.3,180.26,180.28,4688
2024-08-21 16:14,180.27,180.27,180.27,180.27,12
2024-08-21 16:15,180.27,180.3,180.22,180.29,5702
2024-08-21 16:16,180.22,180.3,180.22,180.265,2578
2024-08-21 16:17,180.248,180.3,180.2,180.245,14874
2024-08-21 16:18,180.2,180.35,180.2,180.32,1437
2024-08-21 16:19,180.32,180.33,180.2,180.265,2475
2024-08-21 16:20,180.2,180.33,180.2,180.32,3669
2024-08-21 16:21,180.31,180.33,180.3,180.325,3423
2024-08-21 16:22,180.33,180.33,180.3,180.315,2950
2024-08-21 16:23,180.31,180.4,180.3,180.365,2236
2024-08-21 16:24,180.4,180.4,180.3,180.34,4763
2024-08-21 16:25,180.33,180.33,179.7,179.99,41710
2024-08-21 16:26,179.95,179.99,179.82,179.96,8840
2024-08-21 16:27,179.96,180.1497,179.81,179.9,9515
2024-08-21 16:28,180.04,180.13,179.88,180.005,11133
2024-08-21 16:29,180,180.3,179.89,179.89,16638
2024-08-21 16:30,179.95,180.73,179.69,180,1354711
2024-08-21 16:30,179.895,180.77,179.7,180.42,233219
2024-08-21 16:31,180.57,180.99,180.55,180.75,199588
2024-08-21 16:31,180.91,181,180.1696,180.43,154631
2024-08-21 16:30,180.41,180.43,180.32,180.37,8469
2024-08-21 16:32,180.92,181.01,180.3912,180.73,187161
2024-08-21 16:32,180.91,180.95,180.5065,180.94,87662
2024-08-21 16:31,180.405,180.58,180.37,180.555,31867
2024-08-21 16:33,180.93,181.06,180.45,180.665,121438
2024-08-21 16:33,180.45,181,180.4101,180.5301,137046
2024-08-21 16:34,180.44,180.7914,180.18,180.3,198212
2024-08-21 16:34,180.2764,180.39,180.21,180.36,11185
2024-08-21 16:35,180.2782,180.5999,180.2,180.57,184146
2024-08-21 16:35,180.56,180.58,180.515,180.5612,3150
2024-08-21 16:36,180.53,180.96,180.35,180.88,197090
2024-08-21 16:36,180.865,180.89,180.8312,180.8688,6247
2024-08-21 16:37,180.8768,180.89,180,180.66,154742
2024-08-21 16:37,180.645,180.6699,180.601,180.615,4092
2024-08-21 16:38,180.6,180.8199,180.5,180.5,135251
2024-08-21 16:38,180.5,180.53,180.49,180.52,3586
2024-08-21 16:39,180.5201,180.79,180.51,180.755,104504
2024-08-21 16:39,180.74,180.79,180.74,180.7888,1489
2024-08-21 16:40,180.79,181.11,180.6403,181.03,291737
2024-08-21 16:40,181.055,181.055,181.02,181.049,2299
2024-08-21 16:41,181.058,181.28,180.8855,181.23,205826
2024-08-21 16:41,181.3,181.31,181.2113,181.28,11315
2024-08-21 16:42,181.27,181.33,180.96,181.053,134663
2024-08-21 16:42,181.0518,181.1154,181.04,181.08,4203
2024-08-21 16:43,181.06,181.3,180.95,181.1771,134211
2024-08-21 17:14,181.4088,181.51,181.4,181.47,9975
2024-08-21 17:14,181.48,181.9235,181.48,181.5088,1820
2024-08-21 17:15,181.51,182.0254,181.34,181.4488,111778
2024-08-21 17:15,181.44,181.8025,181.41,181.4662,1748
2024-08-21 17:16,181.41,181.9666,181.3934,181.7,103070
2024-08-21 17:16,181.72,181.72,181.7,181.703,320
2024-08-21 17:17,181.7,181.9006,181.35,181.46,170547
2024-08-21 17:17,181.455,181.49,181.44,181.46,179
2024-08-21 17:18,181.47,181.8371,181.32,181.45,86781
2024-08-21 17:18,181.46,181.46,181.46,181.46,1
2024-08-21 17:19,181.46,181.7624,181.45,181.65,83044
2024-08-21 17:19,181.68,181.68,181.65,181.65,104
2024-08-21 17:20,181.65,181.74,181.5008,181.7299,74747
2024-08-21 17:20,181.72,181.73,181.7101,181.72,629
2024-08-21 17:21,181.72,181.73,181.5204,181.5409,52845
2024-08-21 17:22,181.545,181.64,181.4,181.55,76182
2024-08-21 17:23,181.55,181.5906,181.32,181.4888,71902
2024-08-21 17:22,181.53,181.54,181.53,181.54,501
2024-08-21 17:23,181.4586,181.48,181.4586,181.47,117
2024-08-21 17:24,181.4788,181.59,181.4327,181.5299,60249
2024-08-21 17:24,181.525,181.525,181.525,181.525,20
2024-08-21 17:25,181.52,181.5399,181.33,181.47,68148
2024-08-21 17:25,181.44,181.49,181.44,181.4898,820
2024-08-21 17:26,181.485,181.5117,181.35,181.445,69376
2024-08-21 17:26,181.4512,181.4512,181.44,181.45,1396
2024-08-21 17:27,181.4599,181.502,181.34,181.37,41405
2024-08-21 17:27,181.36,181.369,181.36,181.369,16
2024-08-21 17:28,181.365,181.56,181.36,181.44,68308
2024-08-21 17:29,181.44,181.4979,181.31,181.34,62551
2024-08-21 17:29,181.33,181.35,181.33,181.3301,1533
2024-08-21 17:30,181.34,181.4625,181.18,181.27,89610
2024-08-21 17:30,181.27,181.2799,181.26,181.27,1085
2024-08-21 17:31,181.2788,181.4265,181.1578,181.17,69313
2024-08-21 21:11,180.1571,180.1999,180.13,180.18,18922
2024-08-21 21:12,180.18,180.2294,179.97,180.03,64327
2024-08-21 21:12,180.025,180.03,180.0201,180.025,301
2024-08-21 21:13,180.025,180.2122,179.99,180.1,35917
2024-08-21 21:13,180.08,180.08,180.08,180.08,24
2024-08-21 21:14,180.0712,180.1725,180.0712,180.11,37286
2024-08-21 21:15,180.12,180.16,180.05,180.1,64463
2024-08-21 21:16,180.102,180.215,180.09,180.185,50877
2024-08-21 21:17,180.1888,180.2099,180.11,180.17,29167
2024-08-21 21:18,180.1551,180.18,180.09,180.1392,23404
2024-08-21 21:19,180.14,180.24,180.1266,180.1588,42567
2024-08-21 21:20,180.155,180.21,180.1241,180.1612,27755
2024-08-21 21:21,180.16,180.1763,180.06,180.133,45147
2024-08-21 21:21,180.1388,180.1388,180.1388,180.1388,1
2024-08-21 21:22,180.135,180.15,180.07,180.09,31181
2024-08-21 21:22,180.09,180.09,180.09,180.09,64
2024-08-21 21:23,180.08,180.15,180.075,180.13,24520
2024-08-21 21:24,180.135,180.18,180.1,180.155,17602
2024-08-21 21:23,180.13,180.13,180.13,180.13,1
2024-08-21 21:25,180.155,180.36,180.1278,180.345,55835
2024-08-21 21:26,180.32,180.37,180.1643,180.365,48970
2024-08-21 21:27,180.36,180.39,180.1893,180.345,32375
2024-08-21 21:27,180.3401,180.3487,180.3401,180.3487,86
2024-08-21 21:28,180.35,180.45,180.2746,180.43,60580
2024-08-21 21:28,180.42,180.42,180.42,180.42,556
2024-08-21 21:29,180.4101,180.4899,180.2365,180.48,51153
2024-08-21 21:29,180.475,180.48,180.4701,180.48,775
2024-08-21 21:30,180.48,180.69,180.2723,180.69,67929
2024-08-21 21:30,180.68,180.69,180.67,180.6888,1075
2024-08-21 21:31,180.66,180.6899,180.3263,180.651,63900
2024-08-21 21:32,180.66,180.75,180.4009,180.745,73890
2024-08-21 21:32,180.74,180.745,180.74,180.745,200
2024-08-21 21:33,180.745,180.78,180.4591,180.74,54874
2024-08-21 21:33,180.73,180.7397,180.725,180.725,706
2024-08-21 21:34,180.725,180.75,180.5717,180.73,42717
2024-08-21 21:34,180.7388,180.7399,180.7221,180.7399,4177
2024-08-21 21:35,180.73,180.735,180.3802,180.41,77717
2024-08-21 21:35,180.4001,180.4299,180.4001,180.415,1126
2024-08-21 21:36,180.41,180.6658,180.397,180.5972,69699
2024-08-21 21:36,180.6,180.61,180.59,180.6,128
2024-08-21 21:37,180.6,180.6388,180.52,180.6038,31257
2024-08-21 21:37,180.6056,180.6056,180.6,180.6,17
2024-08-21 21:38,180.605,180.61,180.27,180.3108,79473
2024-08-21 21:38,180.31,180.34,180.31,180.34,1320
2024-08-21 21:39,180.34,180.7607,180.3388,180.43,74170
2024-08-21 21:39,180.43,180.43,180.4112,180.4112,384
2024-08-21 21:40,180.43,180.5308,180.33,180.385,31845
2024-08-21 21:40,180.38,180.38,180.37,180.37,12410
2024-08-21 21:41,180.37,180.5745,180.32,180.46,61660
2024-08-21 21:41,180.46,180.47,180.42,180.42,82
2024-08-21 21:42,180.469,180.5431,180.3801,180.39,30052
2024-08-21 21:42,180.39,180.39,180.38,180.39,888
2024-08-21 21:43,180.3812,180.55,180.3812,180.5,31662
2024-08-21 21:44,180.505,180.53,180.4191,180.455,29233
2024-08-21 21:44,180.49,180.49,180.455,180.475,1001
2024-08-21 21:45,180.48,180.49,180.3212,180.365,50736
2024-08-21 21:45,180.365,180.37,180.365,180.37,10
2024-08-21 21:46,180.365,180.4461,180.34,180.41,27916
2024-08-21 21:47,180.4093,180.4103,180.27,180.3801,46743
2024-08-21 21:47,180.3878,180.3888,180.3836,180.3888,1096
2024-08-21 21:48,180.385,180.46,180.3301,180.41,31770
2024-08-21 21:48,180.42,180.4288,180.42,180.4288,2
2024-08-21 21:49,180.42,180.43,180.33,180.395,30601
2024-08-21 21:49,180.395,180.395,180.39,180.39,24
2024-08-21 21:50,180.395,180.47,180.3101,180.44,82111
2024-08-21 21:50,180.435,180.44,180.435,180.44,183
2024-08-21 21:51,180.45,180.57,180.3768,180.53,44217
2024-08-21 21:52,180.53,180.57,180.4086,180.5449,42247
2024-08-21 21:53,180.5459,180.5598,180.4215,180.525,19137
2024-08-21 21:53,180.52,180.53,180.5155,180.53,448
2024-08-21 21:54,180.52,180.59,180.425,180.57,34488
2024-08-21 21:55,180.56,180.575,180.4296,180.5094,28246
2024-08-21 21:55,180.51,180.51,180.4389,180.4389,117
2024-08-21 21:56,180.5,180.5441,180.37,180.42,53642
2024-08-21 21:56,180.415,180.42,180.415,180.42,276
2024-08-21 21:57,180.4229,180.5002,180.39,180.43,29656
2024-08-21 21:58,180.4247,180.5,180.3702,180.3888,51149
2024-08-21 21:59,180.3865,180.46,180.38,180.425,22426
2024-08-21 22:00,180.42,180.4688,180.29,180.33,39444
2024-08-21 22:01,180.32,180.4681,180.25,180.32,37062
2024-08-21 22:00,180.32,180.3299,180.32,180.3299,9
2024-08-21 22:01,180.3261,180.3261,180.3103,180.315,744
2024-08-21 22:02,180.3188,180.4218,180.16,180.24,38297
2024-08-21 22:03,180.24,180.3983,180.2,180.21,41056
2024-08-21 22:03,180.23,180.3003,180.2,180.21,7593
2024-08-21 22:04,180.21,180.3563,180.175,180.2202,50615
2024-08-21 22:04,180.22,180.2201,180.22,180.2201,54
2024-08-21 22:05,180.22,180.2704,180.19,180.26,19685
2024-08-21 22:05,180.27,180.332,180.2358,180.28,317
2024-08-21 22:06,180.28,180.3,180.16,180.2137,25583
2024-08-21 22:07,180.155,180.2488,180.13,180.18,24550
2024-08-21 22:07,180.18,180.19,180.1701,180.1701,707
2024-08-21 22:08,180.19,180.2634,180.17,180.2,22961
2024-08-21 22:09,180.2,180.2365,180.02,180.12,63635
2024-08-21 22:09,180.1129,180.1129,180.1,180.1,353
2024-08-21 22:10,180.125,180.28,180.0976,180.25,45537
2024-08-21 22:10,180.25,180.25,180.2401,180.2401,501
2024-08-21 22:11,180.24,180.29,180.13,180.2,31403
2024-08-21 22:11,180.2,180.2,180.2,180.2,100
2024-08-21 22:12,180.2,180.2111,180.09,180.12,48785
2024-08-21 22:12,180.12,180.12,180.12,180.12,16
2024-08-21 22:13,180.1101,180.19,180.08,180.1,42159
2024-08-21 22:14,180.1,180.19,180.1,180.13,28436
2024-08-21 22:13,180.095,180.1,180.09,180.09,223
2024-08-21 22:14,180.13,180.1318,180.13,180.1318,200
2024-08-21 22:15,180.13,180.2017,180.012,180.1508,63519
2024-08-21 22:15,180.16,180.19,180.16,180.17,789
2024-08-21 22:16,180.1791,180.201,180.11,180.2003,42208
2024-08-21 22:17,180.1901,180.2027,180.13,180.2,23089
2024-08-21 22:18,180.2,180.24,180.1445,180.1795,37112
2024-08-21 22:18,180.17,180.17,180.17,180.17,10
2024-08-21 22:19,180.18,180.24,180.1481,180.1992,39915
2024-08-21 22:32,180.1199,180.155,180.01,180.045,27176
2024-08-21 22:33,180.045,180.1396,180.04,180.1,42064
2024-08-21 22:34,180.09,180.1303,180.0323,180.08,21967
2024-08-21 22:34,180.074,180.08,180.074,180.08,383
2024-08-21 22:35,180.0827,180.1365,180.04,180.078,37991
2024-08-21 22:36,180.0412,180.1132,179.9212,179.98,58352
2024-08-21 22:37,179.999,180.103,179.92,179.93,32228
2024-08-21 22:38,179.92,180.0781,179.86,179.895,31211
2024-08-21 22:38,179.8901,179.8901,179.89,179.89,26
2024-08-21 22:39,179.895,180.0627,179.87,179.98,39001
2024-08-21 22:39,179.97,179.99,179.9652,179.9652,1506
2024-08-21 22:40,179.97,180.0303,179.85,179.915,63065
2024-08-21 22:40,179.92,179.925,179.91,179.91,2106
2024-08-21 22:41,179.91,179.987,179.755,179.7716,86253
2024-08-21 22:41,179.7701,179.7751,179.77,179.77,194
2024-08-21 22:42,179.775,179.9465,179.73,179.79,103059
2024-08-21 22:42,179.78,179.8,179.78,179.79,968
2024-08-21 22:43,179.78,179.9129,179.73,179.8,66951
2024-08-21 22:44,179.79,179.8863,179.78,179.7998,42975
2024-08-21 23:14,180.15,180.2,180.01,180.18,2291
2024-08-21 23:15,180.11,180.2,179.72,180.1,6315
2024-08-21 23:16,179.955,180.11,179.54,179.745,85505
2024-08-21 23:17,179.8,180,179.71,179.76,1650
2024-08-21 23:18,179.895,180.06,179.8,179.95,1080
2024-08-21 23:18,179.94,179.94,179.94,179.94,1
2024-08-21 23:19,180.04,180.06,179.84,179.92,566
2024-08-21 23:20,179.965,180.2,179.92,180.05,1407
2024-08-21 23:21,180.11,180.2,180.01,180.1,18245
2024-08-21 23:22,180.11,180.11,180.01,180.02,1176
2024-08-21 23:23,180.04,180.09,180,180.02,702
2024-08-21 23:24,180.05,180.05,180,180.05,148
2024-08-21 23:25,180,180.05,179.92,179.92,989
2024-08-21 23:26,179.99,179.99,179.9217,179.99,967
2024-08-21 23:27,179.99,179.99,179.9,179.95,3540
2024-08-21 23:28,179.94,180.07,179.925,180.07,3027
2024-08-21 23:29,180.025,180.1,179.95,179.95,436
2024-08-21 23:30,180,180.11,179.96,180.04,1281
2024-08-21 23:30,180.065,180.065,180.065,180.065,2
2024-08-21 23:31,180.045,180.11,179.98,180.11,221
2024-08-21 23:32,180.03,180.11,179.99,179.99,609
2024-08-21 23:33,180.03,180.03,179.95,179.99,213
2024-08-21 23:34,180.03,180.11,179.95,180.03,483
2024-08-21 23:35,180.02,180.03,179.95,180.025,185
2024-08-21 23:36,180,180,179.95,179.975,79
2024-08-21 23:37,180,180,179.9,179.95,2222
2024-08-21 23:38,179.91,180,179.85,180,2876
2024-08-21 23:39,179.91,179.99,179.86,179.925,571
2024-08-21 23:40,179.925,179.9791,179.92,179.935,1443
2024-08-21 23:41,179.97,179.97,179.91,179.94,563
2024-08-21 23:42,179.91,179.94,179.87,179.94,1035
2024-08-21 23:43,179.95,180.17,179.94,180,7229
2024-08-21 23:44,180,180.05,179.94,180,399
2024-08-21 23:45,179.94,180.04,179.94,180.04,1626
2024-08-21 23:46,180.04,180.09,180.02,180.045,3176
2024-08-21 23:47,180.0687,180.07,180,180,747
2024-08-21 23:48,179.9889,180,179.93,179.99,225
2024-08-21 23:48,179.99,179.99,179.99,179.99,365
2024-08-21 23:49,180,180.05,179.9817,180.03,3176
2024-08-21 23:50,180.03,180.15,180.01,180.15,1661
2024-08-21 23:51,180.08,180.15,180.07,180.11,1195
2024-08-21 23:51,180.07,180.11,180.07,180.11,4
2024-08-21 23:52,180.07,180.11,180.07,180.08,649
2024-08-21 23:53,180.08,180.1,180.06,180.08,151
2024-08-21 23:54,180.08,180.15,180.06,180.12,665
2024-08-21 23:55,180.12,180.15,180.1,180.13,375
2024-08-21 23:55,180.13,180.13,180.115,180.115,3
2024-08-21 23:56,180.11,180.11,180.1,180.1,40
2024-08-21 23:57,180.1,180.11,180.1,180.11,408
2024-08-21 23:58,180.1,180.11,180.1,180.11,21
2024-08-21 23:59,180.105,180.14,180.1,180.1,728
2024-08-22 00:00,180.14,180.15,180.1,180.15,145
2024-08-22 00:01,180.14,180.15,180.1,180.14,89
2024-08-22 00:02,180.14,180.15,180.11,180.15,430
2024-08-22 00:03,180.15,180.15,180.1,180.12,232
2024-08-22 00:04,180.14,180.14,180.1,180.12,2675
2024-08-22 00:05,180.11,180.13,180.11,180.11,20
2024-08-22 00:05,180.13,180.13,180.13,180.13,2
2024-08-22 00:06,180.13,180.15,180.1,180.15,1202
2024-08-22 00:07,180.11,180.15,180.11,180.11,862
2024-08-22 00:08,180.11,180.15,180.11,180.11,845
2024-08-22 00:09,180.11,180.13,180.1,180.11,302
2024-08-22 00:10,180.055,180.1,179.93,180.075,506
2024-08-22 00:11,180.05,180.075,180.05,180.05,67
2024-08-22 11:00,180.85,180.85,180,180.17,1040
2024-08-22 11:01,180.17,180.25,180.17,180.2,69
2024-08-22 11:02,180.23,180.28,180.22,180.22,301
2024-08-22 11:03,180.26,180.28,180.18,180.18,327
2024-08-22 11:03,180.2,180.2,180.2,180.2,1
2024-08-22 11:04,180.25,180.25,180.19,180.2,107
2024-08-22 11:05,180.2,180.23,180.2,180.23,78
2024-08-22 11:06,180.21,180.21,180.14,180.17,1071
2024-08-22 11:07,180.15,180.15,180.02,180.02,879
2024-08-22 11:08,180.06,180.13,179.93,179.93,581
2024-08-22 11:09,179.91,179.99,179.9,179.93,239
2024-08-22 11:10,179.99,180,179.9,179.9,380
2024-08-22 11:11,179.93,179.94,179.92,179.93,559
2024-08-22 11:12,179.99,179.99,179.99,179.99,2
2024-08-22 11:13,179.97,180.05,179.96,180.05,987
2024-08-22 11:14,180.1,180.16,180.1,180.15,1455
2024-08-22 11:15,180.15,180.25,180.15,180.19,1182
2024-08-22 11:17,180.17,180.17,180.15,180.15,300
2024-08-22 11:18,180.22,180.25,180.2,180.24,64
2024-08-22 11:19,180.23,180.23,180.21,180.21,95
2024-08-22 11:20,180.21,180.23,180.16,180.23,72
2024-08-22 11:21,180.23,180.23,180.23,180.23,2
2024-08-22 11:22,180.22,180.22,180.22,180.22,2
2024-08-22 11:23,180.22,180.22,180.09,180.09,196
2024-08-22 11:24,180.17,180.17,180.1,180.1,40
2024-08-22 11:25,180.16,180.17,180.1,180.17,23
2024-08-22 11:26,180.18,180.18,180.07,180.07,227
2024-08-22 11:27,180.1,180.16,180.1,180.15,107
2024-08-22 11:28,180.11,180.11,180.11,180.11,115
2024-08-22 11:29,180.09,180.12,180.08,180.11,130
2024-08-22 11:30,180.15,180.16,180.11,180.12,345
2024-08-22 11:31,180.15,180.17,180.15,180.16,213
2024-08-22 11:32,180.17,180.22,180.17,180.18,187
2024-08-22 11:34,180.21,180.21,180.21,180.21,20
2024-08-22 11:35,180.2,180.23,180.2,180.23,55
2024-08-22 11:36,180.23,180.23,180.23,180.23,2
2024-08-22 11:37,180.17,180.17,180.11,180.12,230
2024-08-22 11:38,180.2,180.2,180.2,180.2,40
2024-08-22 11:40,180.17,180.17,180.17,180.17,10
2024-08-22 11:41,180.2,180.2,180.2,180.2,1
2024-08-22 11:43,180.16,180.25,180.15,180.24,389
2024-08-22 11:44,180.24,180.24,180.24,180.24,1
2024-08-22 11:45,180.25,180.25,180.23,180.23,111
2024-08-22 11:46,180.17,180.26,180.17,180.26,80
2024-08-22 11:47,180.23,180.23,180.23,180.23,1
2024-08-22 11:48,180.16,180.16,180.14,180.14,230
2024-08-22 11:49,180.15,180.21,180.14,180.21,250
2024-08-22 11:51,180.2,180.2,180.2,180.2,50
2024-08-22 11:52,180.15,180.18,180.15,180.18,87
2024-08-22 11:54,180.2,180.21,180.18,180.21,52
2024-08-22 11:55,180.21,180.21,180.2,180.2,21
2024-08-22 11:56,180.2,180.2,180.16,180.16,436
2024-08-22 11:57,180.2,180.23,180.2,180.22,1200
2024-08-22 11:58,180.16,180.16,180.16,180.16,25
2024-08-22 11:59,180.16,180.16,180.16,180.16,21
2024-08-22 12:16,180.37,180.38,180.28,180.33,184
2024-08-22 12:17,180.35,180.37,180.28,180.36,180
2024-08-22 12:18,180.37,180.38,180.37,180.38,44
2024-08-22 12:19,180.38,180.38,180.38,180.38,28
2024-08-22 12:20,180.33,180.33,180.32,180.32,28
2024-08-22 12:21,180.38,180.39,180.38,180.39,50
2024-08-22 12:22,180.34,180.34,180.3,180.34,834
2024-08-22 12:23,180.31,180.31,180.3,180.3,236
2024-08-22 12:24,180.3,180.31,180.27,180.27,256
2024-08-22 12:25,180.28,180.28,180.28,180.28,2
2024-08-22 12:26,180.3,180.3,180.3,180.3,2
2024-08-22 12:27,180.29,180.3,180.22,180.27,369
2024-08-22 12:28,180.24,180.24,180.24,180.24,26
2024-08-22 12:29,180.29,180.29,180.29,180.29,360
2024-08-22 12:30,180.28,180.28,180.28,180.28,66
2024-08-22 12:30,180.23,180.23,180.23,180.23,186
2024-08-22 12:31,180.22,180.23,180.22,180.23,5
2024-08-22 12:32,180.27,180.28,180.26,180.27,803
2024-08-22 12:33,180.29,180.3,180.29,180.3,1698
2024-08-22 12:34,180.3,180.3,180.29,180.29,16
2024-08-22 12:35,180.26,180.26,180.26,180.26,340
2024-08-22 12:36,180.26,180.26,180.26,180.26,560
2024-08-22 12:37,180.26,180.28,180.26,180.28,102
2024-08-22 12:39,180.28,180.3,180.28,180.29,372
2024-08-22 12:40,180.31,180.31,180.24,180.24,43
2024-08-22 12:41,180.31,180.32,180.31,180.32,474
2024-08-22 12:42,180.29,180.3,180.29,180.3,44
2024-08-22 12:43,180.31,180.31,180.24,180.24,220
2024-08-22 12:44,180.29,180.3,180.29,180.3,92
2024-08-22 12:46,180.3,180.3,180.29,180.29,4
2024-08-22 12:48,180.28,180.28,180.28,180.28,4
2024-08-22 12:48,180.29,180.29,180.29,180.29,10
2024-08-22 12:49,180.28,180.28,180.28,180.28,2
2024-08-22 12:50,180.26,180.29,180.26,180.29,1332
2024-08-22 12:51,180.3,180.3,180.24,180.27,582
2024-08-22 12:52,180.26,180.26,180.26,180.26,10
2024-08-22 12:53,180.29,180.31,180.29,180.31,1508
2024-08-22 12:54,180.31,180.31,180.31,180.31,186
2024-08-22 12:55,180.32,180.34,180.32,180.34,666
2024-08-22 12:57,180.34,180.34,180.34,180.34,18
2024-08-22 12:58,180.34,180.36,180.34,180.34,370
2024-08-22 12:59,180.32,180.32,180.32,180.32,20
2024-08-22 13:00,180.34,180.34,180.34,180.34,16
2024-08-22 13:01,180.29,180.34,180.29,180.34,42
2024-08-22 13:02,180.37,180.37,180.37,180.37,2
2024-08-22 13:04,180.35,180.35,180.35,180.35,2
2024-08-22 13:06,180.35,180.35,180.35,180.35,24
2024-08-22 13:07,180.34,180.34,180.34,180.34,4
2024-08-22 13:08,180.37,180.37,180.37,180.37,50
2024-08-22 13:09,180.35,180.35,180.35,180.35,20
2024-08-22 13:10,180.36,180.4,180.36,180.37,1524
2024-08-22 13:12,180.41,180.41,180.4,180.4,74
2024-08-22 13:13,180.35,180.35,180.34,180.35,400
2024-08-22 13:14,180.37,180.37,180.37,180.37,2
2024-08-22 13:15,180.41,180.41,180.41,180.41,536
2024-08-22 13:16,180.41,180.41,180.41,180.41,34
2024-08-22 13:18,180.41,180.41,180.41,180.41,6
2024-08-22 13:19,180.41,180.41,180.38,180.38,4
2024-08-22 13:20,180.41,180.41,180.41,180.41,8
2024-08-22 13:21,180.41,180.47,180.41,180.47,545
2024-08-22 13:23,180.47,180.51,180.47,180.51,345
2024-08-22 13:24,180.49,180.57,180.49,180.52,1132
2024-08-22 13:25,180.58,180.65,180.55,180.58,1034
2024-08-22 13:26,180.65,180.72,180.65,180.7,1194
2024-08-22 13:27,180.69,180.7,180.66,180.69,109
2024-08-22 13:29,180.68,180.7,180.62,180.65,630
2024-08-22 13:37,180.9,180.93,180.9,180.93,1400
2024-08-22 13:38,180.91,180.91,180.89,180.89,596
2024-08-22 13:39,180.9,180.9,180.9,180.9,102
2024-08-22 13:40,180.9,180.9,180.9,180.9,300
2024-08-22 13:41,180.9,180.91,180.88,180.89,737
2024-08-22 13:42,180.9,180.9,180.88,180.9,462
2024-08-22 13:43,180.9,180.9,180.88,180.89,168
2024-08-22 13:44,180.89,180.89,180.75,180.75,4663
2024-08-22 13:45,180.78,180.78,180.78,180.78,30
2024-08-22 13:46,180.76,180.78,180.76,180.78,126
2024-08-22 13:47,180.78,180.78,180.7,180.7,94
2024-08-22 13:48,180.78,180.78,180.78,180.78,4
2024-08-22 13:49,180.78,180.78,180.71,180.71,246
2024-08-22 13:50,180.7,180.7,180.7,180.7,140
2024-08-22 13:51,180.7,180.71,180.69,180.71,232
2024-08-22 13:52,180.69,180.69,180.69,180.69,20
2024-08-22 13:53,180.71,180.71,180.7,180.7,160
2024-08-22 13:54,180.71,180.71,180.7,180.71,78
2024-08-22 13:55,180.71,180.71,180.69,180.69,140
2024-08-22 13:56,180.76,180.78,180.76,180.78,600
2024-08-22 13:57,180.79,180.89,180.76,180.76,3170
2024-08-22 13:58,180.79,180.79,180.75,180.75,221
2024-08-22 13:59,180.74,180.8,180.7,180.79,302
2024-08-22 14:00,180.7,180.8,180,180.4,44873
2024-08-22 22:57,175.85,175.89,175.82,175.84,26988
2024-08-22 22:58,175.84,176.0742,175.84,175.93,239636
2024-08-22 22:59,175.93,176.26,175.81,175.8878,358500
2024-08-22 22:58,175.925,175.925,175.92,175.92,375
2024-08-22 22:59,175.88,176.29,175.8,176.22,238437
2024-08-22 22:59,176.22,176.28,175.83,176.2,228967
2024-08-22 23:00,176.13,176.23,175.86,176.065,39952
2024-08-22 23:01,176.01,176.22,175.96,176.2,18409
2024-08-22 23:01,176.18,176.18,176.13,176.13,15
2024-08-22 22:59,176.14,176.27,176.1,176.15,187350
2024-08-22 23:02,176.13,176.19,176.13,176.18,17585
2024-08-22 23:00,176.15,176.2688,175.85,175.915,10387506
2024-08-22 23:00,175.97,176.13,175.97,176.13,1646
2024-08-22 23:03,176.19,176.37,176.13,176.185,1124431
2024-08-22 23:04,176.185,176.27,176.13,176.205,138947
2024-08-22 23:05,176.2,176.21,176.13,176.13,7309
2024-08-22 23:06,176.15,176.15,176.1,176.11,12883
2024-08-22 23:07,176.085,176.13,176,176.13,7254
2024-08-22 23:08,176.13,176.17,176.101,176.17,3146
2024-08-22 23:08,176.13,176.13,176.13,176.13,35
2024-08-22 23:09,176.14,176.17,176.13,176.17,1323
2024-08-22 23:10,176.15,176.3,176.13,176.2,5294
2024-08-22 23:11,176.195,176.22,176.13,176.19,442
2024-08-22 23:12,176.18,176.29,176.15,176.175,3704
2024-08-22 23:13,176.2,176.22,176.13,176.2,1685
2024-08-22 23:14,176.2193,176.22,176.13,176.175,985
2024-08-22 23:15,176.15,176.23,176.13,176.22,1834
2024-08-22 23:16,176.22,176.22,176.16,176.2,724
2024-08-22 23:17,176.19,176.2,176.18,176.195,1085
2024-08-22 23:18,176.195,176.2,176.175,176.19,1305
2024-08-22 23:19,176.19,176.19,175.975,176,6207
2024-08-22 23:20,176.13,176.13,175.85,175.95,45037
2024-08-22 23:21,175.95,175.95,175.9044,175.91,222
2024-08-22 23:22,175.92,175.94,175.8,175.93,5076
2024-08-22 23:22,175.9,175.9,175.9,175.9,7
2024-08-22 23:23,175.915,175.93,175.85,175.885,4190
2024-08-22 23:24,175.875,175.92,175.875,175.92,4060
2024-08-22 23:25,175.9298,176,175.9,176,1778
2024-08-22 23:25,175.92,175.92,175.92,175.92,5
2024-08-22 23:26,175.93,176,175.93,175.99,2235
2024-08-22 23:27,175.99,176,175.95,176,215
2024-08-22 23:28,175.975,176.11,175.97,176.05,6580
2024-08-22 23:29,176,176.1,176,176.05,842
2024-08-22 23:30,176.1,176.1,176.03,176.06,595
2024-08-22 23:31,176.0025,176.1,176.0025,176.035,1250
2024-08-22 23:31,176.06,176.07,176.06,176.06,300
2024-08-22 23:32,176.06,176.09,176.06,176.08,877
2024-08-22 23:33,176.09,176.11,176.05,176.1091,3363
2024-08-22 23:34,176.09,176.11,176.08,176.11,2126
2024-08-22 23:35,176.085,176.16,176.08,176.16,1199
2024-08-22 23:35,176.15,176.16,176.14,176.16,204
2024-08-22 23:36,176.14,176.17,176.12,176.17,4005
2024-08-22 23:36,176.155,176.155,176.155,176.155,1
2024-08-22 23:37,176.17,177.93,176.04,176.1,5104
2024-08-22 23:37,176.12,176.12,176.12,176.12,1
2024-08-22 23:38,176.12,176.15,176.06,176.15,2957
2024-08-22 23:39,176.14,176.17,176.11,176.11,4270
2024-08-22 23:40,176.16,176.16,176.06,176.1,3153
2024-08-22 23:41,176.1582,176.16,176.06,176.11,447
2024-08-22 23:42,176.06,176.16,176.06,176.1,251
2024-08-22 23:42,176.08,176.08,176.08,176.08,1
2024-08-22 23:43,176.1,176.16,176.06,176.11,30312
2024-08-22 23:44,176.07,176.1072,176,176,3272
2024-08-22 23:45,176.05,176.05,176,176.05,103
2024-08-22 23:45,176.05,176.05,176.05,176.05,4
2024-08-22 23:46,176.05,176.08,176,176.045,857
2024-08-22 23:47,176.07,176.07,176.02,176.03,1058
2024-08-22 23:48,176.05,176.05,176.0168,176.03,91
2024-08-22 23:49,176.03,176.05,176.01,176.035,81
2024-08-22 23:50,176.05,176.08,176.02,176.065,708
2024-08-22 23:51,176.0798,176.16,176.05,176.07,2843
2024-08-22 23:52,176.07,176.09,176.05,176.09,76
2024-08-22 23:52,176.06,176.06,176.06,176.06,1
2024-08-22 23:53,176.06,176.13,176.06,176.08,1176
2024-08-22 23:54,176.1,176.1,176.06,176.09,557
2024-08-22 23:55,176.08,176.13,176.07,176.13,202141
2024-08-22 23:56,176.1,176.26,176.08,176.26,4730
2024-08-22 23:57,176.26,176.48,176.19,176.4,8979
2024-08-22 23:58,176.38,176.5,176.3,176.4,1845
2024-08-22 23:59,176.4,176.4,176.28,176.28,909
2024-08-22 23:59,176.4,176.4,176.4,176.4,5
2024-08-23 00:00,176.335,176.4,176.27,176.335,491
2024-08-23 00:01,176.35,176.38,176.29,176.31,85
2024-08-23 00:02,176.26,176.377,176.26,176.27,694
2024-08-23 00:03,176.285,176.38,176.26,176.26,1156
2024-08-23 00:04,176.3,176.38,176.26,176.325,71
2024-08-23 00:04,176.3,176.3,176.3,176.3,100
2024-08-23 00:05,176.3,176.38,176.27,176.325,395
2024-08-23 00:06,176.38,176.38,176.27,176.27,906
2024-08-23 00:07,176.26,176.3,176.26,176.3,442
2024-08-23 00:08,176.27,176.35,176.26,176.33,506
2024-08-23 00:09,176.34,176.37,176.3,176.335,184
2024-08-23 01:11,176.47,176.47,176.45,176.46,256
2024-08-23 01:12,176.46,176.47,176.46,176.46,117
2024-08-23 01:13,176.46,176.47,176.45,176.46,188
2024-08-23 01:13,176.45,176.45,176.45,176.45,16
2024-08-23 01:14,176.45,176.47,176.45,176.45,1417
2024-08-23 01:15,176.45,176.47,176.45,176.47,222
2024-08-23 01:15,176.47,176.47,176.47,176.47,3
2024-08-23 01:16,176.46,176.47,176.45,176.45,5260
2024-08-23 01:17,176.46,176.47,176.45,176.45,154
2024-08-23 01:18,176.46,176.47,176.46,176.47,369
2024-08-23 01:19,176.465,176.47,176.465,176.47,148
2024-08-23 01:20,176.4699,176.47,176.46,176.4697,173
2024-08-23 01:21,176.465,176.47,176.46,176.465,178
2024-08-23 01:22,176.47,176.47,176.46,176.465,60
2024-08-23 01:22,176.47,176.47,176.47,176.47,1
2024-08-23 01:23,176.465,176.47,176.45,176.46,378
2024-08-23 01:24,176.46,176.47,176.45,176.46,613
2024-08-23 01:25,176.46,176.47,176.46,176.46,18
2024-08-23 01:26,176.46,176.47,176.46,176.46,14
2024-08-23 01:27,176.46,176.47,176.46,176.46,38
2024-08-23 01:28,176.4692,176.47,176.44,176.44,635
2024-08-23 01:29,176.4153,176.47,176.41,176.41,77
2024-08-23 01:30,176.42,176.47,176.42,176.45,476
2024-08-23 01:31,176.45,176.47,176.43,176.43,126
2024-08-23 11:00,177.38,177.86,177.38,177.65,4339
2024-08-23 11:01,177.65,177.74,177.59,177.62,431
2024-08-23 11:02,177.62,177.79,177.61,177.79,365
2024-08-23 11:02,177.66,177.66,177.66,177.66,30
2024-08-23 11:03,177.8,177.9,177.64,177.71,1304
2024-08-23 11:03,177.88,177.88,177.88,177.88,2
2024-08-23 11:04,177.82,177.87,177.71,177.86,300
2024-08-23 11:05,177.77,177.77,177.65,177.65,221
2024-08-23 11:06,177.75,177.75,177.75,177.75,5
2024-08-23 11:07,177.65,177.74,177.64,177.73,114
