2024-08-20 21:19,59318.01,59332.91,59318.01,59332.91,1.6077799999999984
2024-08-20 21:19,59332.9,59332.91,59332.9,59332.91,0.02803
2024-08-20 21:20,59332.9,59350.19,59318.01,59331.8,12.785020000000015
2024-08-20 21:21,59331.79,59400,59331.79,59400,25.98289999999999
2024-08-20 21:21,59400,59400,59400,59400,0.00527
2024-08-20 21:22,59399.99,59400,59385.02,59399.99,12.909830000000035
2024-08-20 21:23,59400,59428.57,59397.67,59428.56,46.55650000000031
2024-08-20 21:23,59428.56,59428.56,59428.56,59428.56,0.00633
2024-08-20 21:24,59428.56,59441.99,59409,59434.82,10.545320000000038
2024-08-20 21:24,59434.83,59434.83,59434.82,59434.83,0.09924999999999999
2024-08-20 21:25,59434.82,59457.17,59385.02,59385.02,36.99840999999995
2024-08-20 21:25,59385.03,59385.03,59385.03,59385.03,0.0024000000000000002
2024-08-20 21:26,59385.02,59385.03,59329.72,59329.72,11.323970000000024
2024-08-20 21:26,59329.72,59329.72,59327.23,59327.23,0.43381000000000003
2024-08-20 21:27,59327.23,59355.44,59321.41,59340.66,16.957520000000034
2024-08-20 21:27,59340.66,59340.66,59340.66,59340.66,0.2803
2024-08-20 21:28,59340.65,59354.39,59331,59338.72,7.108070000000005
2024-08-20 21:28,59338.71,59338.72,59338.71,59338.72,0.01114
2024-08-20 21:29,59338.72,59340.06,59308.02,59331.68,31.466849999999997
2024-08-20 21:30,59331.68,59349.49,59313.87,59349.49,7.429050000000005
2024-08-20 21:30,59349.49,59349.49,59349.48,59349.48,0.00921
2024-08-20 21:31,59349.49,59351.21,59276.43,59292.45,18.624860000000005
2024-08-20 21:31,59292.45,59300.31,59292.45,59300.31,0.23329999999999998
2024-08-20 21:32,59300.31,59326.16,59286.52,59326.16,19.178220000000003
2024-08-20 21:32,59326.16,59326.16,59322.36,59322.36,0.07638000000000009
2024-08-20 21:33,59322.35,59324,59315.65,59319.22,5.473720000000003
2024-08-20 21:33,59319.21,59319.21,59319.21,59319.21,0.00127
2024-08-20 21:34,59319.22,59331.01,59319.21,59321.85,5.627150000000008
2024-08-20 21:34,59321.85,59321.85,59321.85,59321.85,0.00508
2024-08-20 21:35,59321.86,59355.1,59268.7,59272.54,23.113899999999983
2024-08-20 21:36,59272.55,59272.55,59232.88,59236.66,12.475530000000019
2024-08-20 21:37,59236.67,59270.75,59210.48,59261.19,8.670560000000028
2024-08-20 21:38,59261.19,59290,59255.26,59289.58,6.377130000000028
2024-08-20 21:39,59289.58,59318.63,59289.57,59298.18,9.286730000000029
2024-08-20 21:40,59298.19,59355.1,59298.18,59349.03,6.899410000000028
2024-08-20 21:40,59349.04,59349.04,59349.04,59349.04,0.0032
2024-08-20 21:41,59349.04,59372,59349.03,59372,5.832840000000036
2024-08-20 21:42,59371.99,59473.52,59371.99,59468.26,31.318869999999972
2024-08-20 21:43,59468.26,59468.26,59451.52,59463.15,7.745550000000039
2024-08-20 21:43,59463.16,59463.16,59463.15,59463.15,0.0010999999999999998
2024-08-20 21:44,59463.16,59463.16,59430.27,59440,8.40195000000002
2024-08-20 21:44,59440,59440,59440,59440,0.00587
2024-08-20 21:45,59440,59443.99,59423,59431.85,8.370450000000025
2024-08-20 21:45,59431.85,59431.85,59431.85,59431.85,0.0057399999999999994
2024-08-20 21:46,59431.85,59468,59431.85,59450.66,4.935160000000005
2024-08-20 21:46,59450.67,59450.67,59450.66,59450.66,0.01428
2024-08-20 21:47,59450.66,59479.8,59441.78,59467.25,16.28355000000002
2024-08-20 21:47,59467.25,59467.25,59467.24,59467.24,0.03479
2024-08-20 21:48,59467.25,59479,59463.9,59464.17,4.243410000000015
2024-08-20 21:48,59464.17,59464.17,59464.17,59464.17,0.00096
2024-08-20 21:49,59464.18,59464.18,59441.15,59441.15,4.325520000000002
2024-08-20 21:49,59441.15,59441.16,59437.31,59437.31,0.3477
2024-08-20 21:50,59436,59436.01,59378.9,59380.04,13.048860000000017
2024-08-20 21:51,59380.04,59385.31,59321.5,59333.52,17.221800000000005
2024-08-20 21:51,59333.52,59338.12,59333.52,59338.12,0.3516299999999999
2024-08-20 21:52,59338.11,59349.61,59307.76,59319.99,6.438790000000018
2024-08-20 21:52,59320,59320,59320,59320,0.00072
2024-08-20 21:53,59319.99,59322.78,59308.46,59322.78,8.465350000000004
2024-08-20 21:54,59322.78,59352,59322.78,59339.99,15.722680000000008
2024-08-20 21:54,59339.99,59340,59339.99,59340,0.00494
2024-08-20 21:55,59339.99,59340,59292.12,59306.1,7.549559999999984
2024-08-20 21:56,59302.35,59307.93,59300.15,59300.16,2.5510199999999985
2024-08-20 21:56,59300.16,59300.16,59300.16,59300.16,0.00038
2024-08-20 21:57,59300.16,59305.81,59281.66,59281.66,3.599160000000003
2024-08-20 21:58,59281.67,59281.67,59253.95,59253.96,5.186600000000019
2024-08-20 21:59,59253.96,59261.08,59123.17,59191.45,47.999030000000324
2024-08-20 22:38,59419.29,59419.3,59419.29,59419.3,0.030160000000000003
2024-08-20 22:38,59419.29,59419.29,59419.29,59419.29,0.01065
2024-08-20 22:39,59419.3,59419.3,59402.7,59402.7,4.481840000000007
2024-08-21 08:47,59334.86,59334.87,59292.64,59294.01,17.881420000000006
2024-08-21 08:48,59294.01,59314,59294,59311.18,9.091520000000012
2024-08-21 08:49,59311.19,59311.19,59302.43,59304,10.723090000000012
2024-08-21 08:49,59304,59304,59304,59304,0.02683
2024-08-21 08:50,59304,59350.01,59303.99,59350.01,5.563530000000011
2024-08-21 08:50,59350,59350,59345.81,59345.81,2.106429999999997
2024-08-21 08:51,59342.1,59374.75,59342.1,59365.08,15.219759999999972
2024-08-21 08:51,59365.08,59365.09,59365.08,59365.09,0.00593
2024-08-21 08:52,59365.09,59374.7,59349.47,59373.78,23.91844999999997
2024-08-21 08:52,59373.78,59373.78,59373.78,59373.78,0.00043
2024-08-21 08:53,59373.78,59384.72,59368.16,59384.72,18.41553999999995
2024-08-21 08:53,59384.71,59384.71,59384.71,59384.71,0.00301
2024-08-21 08:54,59384.72,59384.72,59369.21,59376.57,7.737400000000021
2024-08-21 08:54,59376.58,59376.58,59376.57,59376.57,0.03269
2024-08-21 08:55,59376.58,59376.58,59353.61,59357.79,6.404480000000032
2024-08-21 08:55,59357.79,59357.8,59357.79,59357.79,0.03323
2024-08-21 08:56,59357.8,59357.8,59353.03,59353.03,1.9793199999999982
2024-08-21 08:56,59353.04,59353.04,59353.03,59353.03,0.0174
2024-08-21 08:57,59353.03,59360,59353.03,59359.54,3.4868400000000093
2024-08-21 08:57,59358.44,59358.44,59350,59350.01,0.6292999999999993
2024-08-21 08:58,59350.01,59386.94,59350,59386.93,2.868729999999998
2024-08-21 08:59,59386.94,59394.85,59378.02,59379.99,11.211059999999948
2024-08-21 09:00,59379.99,59406,59369.4,59391.44,13.713550000000062
2024-08-21 09:01,59391.44,59391.44,59364.1,59375.99,5.432720000000017
2024-08-21 09:02,59375.98,59385.54,59374.24,59385.54,3.1120200000000033
2024-08-21 09:03,59385.54,59392.22,59385.53,59388.01,4.091099999999998
2024-08-21 09:04,59388.02,59388.02,59374,59374.01,3.6409200000000035
2024-08-21 09:05,59374,59415.63,59374,59415.62,8.872080000000015
2024-08-21 09:06,59415.63,59458,59415.62,59457.99,36.146520000000066
2024-08-21 09:05,59415.63,59415.63,59415.63,59415.63,0.00336
2024-08-21 09:06,59458,59458,59458,59458,0.03271
2024-08-21 09:07,59457.99,59515.99,59457.99,59511.79,23.25368000000007
2024-08-21 09:08,59511.79,59511.79,59468,59472,9.560339999999997
2024-08-21 09:08,59471.99,59471.99,59471.99,59471.99,0.0012100000000000001
2024-08-21 09:09,59471.99,59472,59426.18,59426.19,5.670300000000006
2024-08-21 09:10,59426.19,59456.78,59426.18,59446.99,14.565490000000006
2024-08-21 09:10,59446.99,59447,59446.99,59446.99,0.015320000000000002
2024-08-21 09:11,59447,59479.8,59446.99,59479.7,4.871980000000011
2024-08-21 09:11,59479.7,59481.66,59479.7,59481.66,0.09466
2024-08-21 09:12,59481.66,59560,59481.66,59517.96,19.715790000000084
2024-08-21 09:12,59517.96,59517.96,59514,59514,0.28042999999999974
2024-08-21 09:13,59514,59519.86,59484.98,59484.98,4.626130000000008
2024-08-21 09:13,59484.98,59484.99,59484.98,59484.98,0.026410000000000003
2024-08-21 09:14,59484.99,59499.99,59484.98,59499.99,5.730790000000005
2024-08-21 09:14,59499.99,59512.01,59499.99,59512.01,0.26985000000000026
2024-08-21 09:15,59512.01,59519.86,59484.06,59503.98,5.688950000000022
2024-08-21 09:15,59503.99,59503.99,59503.98,59503.98,0.0784
2024-08-21 09:16,59503.99,59511.34,59478.65,59511.34,11.467340000000032
2024-08-21 09:16,59511.33,59537.14,59511.33,59537.14,1.8355399999999982
2024-08-21 09:17,59537.14,59541.93,59511.8,59511.81,15.327810000000012
2024-08-21 09:17,59511.81,59511.81,59511.81,59511.81,0.01682
2024-08-21 09:18,59511.81,59552,59511.8,59542,18.78138000000003
2024-08-21 09:18,59542.4,59542.41,59542.4,59542.41,0.01697
2024-08-21 09:19,59542.41,59605,59540.13,59575.3,28.04613000000007
2024-08-21 09:19,59575.31,59575.31,59575.31,59575.31,0.00157
2024-08-21 09:20,59575.31,59654.91,59575.3,59592.01,49.54269000000007
2024-08-21 09:20,59592,59597.18,59592,59597.18,0.15175000000000013
2024-08-21 09:21,59597.18,59653.06,59597.18,59653.05,26.50701000000002
2024-08-21 09:22,59653.06,59655,59628.01,59637.04,16.638840000000066
2024-08-21 09:23,59637.05,59650,59637.04,59643.48,13.976970000000009
2024-08-21 09:24,59643.49,59660.07,59643.48,59660.06,26.94009000000006
2024-08-21 09:24,59660.07,59667.8,59660.07,59667.8,1.1011100000000011
2024-08-21 09:25,59667.88,59678.48,59644.73,59648.92,16.694079999999826
2024-08-21 09:26,59648.91,59648.92,59646.24,59646.25,3.047220000000015
2024-08-21 09:26,59646.25,59646.25,59646.24,59646.24,0.016399999999999998
2024-08-21 09:27,59646.25,59739.52,59646.24,59714,150.10156999999975
2024-08-21 09:27,59714,59714,59710,59710.01,0.9859299999999999
2024-08-21 09:28,59710,59724,59663.58,59677.73,12.68653000000002
2024-08-21 09:29,59677.74,59698.22,59671.98,59671.99,11.650620000000012
2024-08-21 09:29,59671.99,59671.99,59671.98,59671.98,0.02238
2024-08-21 09:30,59671.99,59674,59669.01,59669.01,5.350850000000011
2024-08-21 09:30,59669.01,59669.01,59669.01,59669.01,0.00556
2024-08-21 09:31,59669.02,59670.52,59647.01,59670.51,11.835230000000008
2024-08-21 09:31,59670.52,59670.52,59670.51,59670.51,0.04008
2024-08-21 09:32,59670.52,59673.91,59647.01,59647.02,6.1866000000000225
2024-08-21 09:32,59647.02,59647.02,59647.02,59647.02,0.01628
2024-08-21 09:33,59647.02,59647.02,59622.83,59622.83,33.04831000000005
2024-08-21 09:34,59622.84,59622.84,59604,59612.19,2.913610000000007
2024-08-21 09:35,59612.18,59612.19,59580.21,59612,6.621050000000017
2024-08-21 09:36,59611.99,59640,59611.99,59640,3.2195999999999954
2024-08-21 09:37,59640,59689.4,59632.31,59659.68,16.15000999999976
2024-08-21 09:38,59659.68,59670.03,59633.23,59657.75,17.47421000000003
2024-08-21 09:39,59657.76,59674,59657.75,59657.75,4.124150000000002
2024-08-21 09:39,59657.76,59657.76,59657.76,59657.76,0.00013
2024-08-21 09:40,59657.76,59667.96,59623.45,59623.46,10.546979999999975
2024-08-21 09:40,59623.46,59623.46,59623.45,59623.46,0.02644
2024-08-21 09:41,59623.46,59667.83,59623.45,59662.44,6.449300000000018
2024-08-21 09:42,59662.44,59662.45,59626,59626.01,3.276170000000004
2024-08-21 09:43,59626,59652.49,59625.54,59646,11.349800000000013
2024-08-21 09:44,59644.74,59652.01,59631.86,59644.74,7.269540000000015
2024-08-21 09:45,59644.74,59646.4,59632.15,59632.56,3.1641500000000033
2024-08-21 09:46,59632.57,59640,59619.99,59619.99,24.333540000000028
2024-08-21 09:46,59619.99,59619.99,59619.99,59619.99,0.02905
2024-08-21 09:47,59619.99,59619.99,59584.21,59584.21,3.3987800000000097
2024-08-21 09:47,59584.22,59584.22,59584.22,59584.22,0.00336
2024-08-21 09:48,59584.21,59584.22,59564,59584.22,13.254900000000024
2024-08-21 09:48,59584.21,59584.22,59584.21,59584.22,0.00374
2024-08-21 09:49,59584.22,59585.1,59578.01,59580.5,8.552370000000018
2024-08-21 09:50,59580.49,59610,59580.49,59609.99,7.570710000000021
2024-08-21 09:50,59609.99,59610,59609.99,59609.99,0.017329999999999998
2024-08-21 09:51,59610,59610,59594.03,59594.04,3.9277000000000073
2024-08-21 09:51,59594.04,59594.04,59594.04,59594.04,0.00109
2024-08-21 09:52,59594.03,59604.65,59594.03,59601.34,3.3287100000000094
2024-08-21 09:53,59601.34,59601.34,59592,59601.34,2.2485599999999955
2024-08-21 09:53,59601.34,59601.34,59601.34,59601.34,0.0017499999999999998
2024-08-21 09:54,59601.33,59601.34,59597.71,59597.71,1.04601
2024-08-21 09:54,59597.71,59597.72,59597.71,59597.71,0.012739999999999998
2024-08-21 09:55,59597.72,59603.79,59586.03,59603.78,2.4650200000000044
2024-08-21 09:55,59603.79,59603.79,59603.78,59603.78,0.016819999999999998
2024-08-21 09:56,59603.79,59603.79,59603.78,59603.78,0.9751300000000003
2024-08-21 09:56,59603.78,59603.78,59600.82,59600.82,0.4196
2024-08-21 09:57,59600.82,59608.58,59598,59608.57,2.757889999999998
2024-08-21 09:57,59608.58,59608.58,59608.58,59608.58,0.00209
2024-08-21 09:58,59608.57,59644.74,59608.57,59644.73,3.6464100000000013
2024-08-21 09:59,59644.74,59644.74,59627.31,59627.32,10.148169999999975
2024-08-21 09:59,59627.32,59627.32,59627.32,59627.32,1.01695
2024-08-21 10:00,59627.32,59659.47,59627.32,59652.97,14.537520000000018
2024-08-21 10:00,59652.99,59659.47,59652.99,59659.47,0.84363
2024-08-21 10:01,59659.47,59665.69,59654,59665.69,20.692209999999985
2024-08-21 10:01,59665.68,59668.8,59665.68,59668.8,0.30130999999999997
2024-08-21 10:02,59668.79,59680.53,59662.44,59673.67,8.072390000000032
2024-08-21 10:03,59673.66,59685.97,59665.44,59666,11.054009999999966
2024-08-21 10:03,59666,59666,59666,59666,0.0008
2024-08-21 10:04,59666.01,59677.82,59666,59676.97,10.399149999999766
2024-08-21 10:04,59676.97,59676.98,59676.97,59676.97,1.3108099999999998
2024-08-21 10:05,59676.97,59705.27,59666.8,59705.26,13.717450000000024
2024-08-21 10:05,59705.26,59705.27,59705.26,59705.27,0.0037400000000000003
2024-08-21 10:06,59705.26,59718.27,59705.26,59718.27,8.815050000000003
2024-08-21 10:06,59718.27,59718.27,59718.27,59718.27,0.01717
2024-08-21 10:07,59719.99,59722.71,59692.57,59699.06,8.72765000000002
2024-08-21 10:07,59699.07,59699.07,59699.07,59699.07,0.01627
2024-08-21 10:08,59699.07,59711.65,59699.07,59711.64,1.318819999999997
2024-08-21 11:36,59534.2,59554.01,59534.19,59547.3,3.341360000000009
2024-08-21 11:37,59547.3,59554,59528.63,59531.5,13.059379999999994
2024-08-21 11:37,59531.5,59531.5,59531.5,59531.5,0.02564
2024-08-21 11:38,59531.5,59546,59528.62,59528.62,2.610109999999995
2024-08-21 11:39,59528.62,59528.63,59492.87,59496.91,9.689230000000011
2024-08-21 11:39,59496.51,59497.55,59494.53,59497.55,0.9485399999999994
2024-08-21 11:40,59497.55,59531.46,59497.54,59531.45,6.5507999999999935
2024-08-21 11:40,59531.46,59538.62,59531.46,59538.62,0.5904099999999998
2024-08-21 11:41,59539.4,59551.96,59534.07,59539.62,6.271940000000012
2024-08-21 11:41,59539.62,59539.62,59539.62,59539.62,0.07716000000000006
2024-08-21 11:42,59546.78,59600,59539.63,59600,20.341480000000022
2024-08-21 11:42,59599.99,59599.99,59599.99,59599.99,0.09451
2024-08-21 11:43,59599.99,59599.99,59556.25,59556.25,17.278520000000047
2024-08-21 11:43,59556.25,59556.25,59556.25,59556.25,0.04134
2024-08-21 11:44,59556.25,59584.69,59556.25,59584.69,10.166479999999995
2024-08-21 11:44,59584.68,59584.69,59584.68,59584.69,0.01376
2024-08-21 11:45,59584.69,59592.02,59545.5,59545.51,7.850950000000005
2024-08-21 11:46,59545.5,59549.86,59537.44,59537.44,6.6341400000000075
2024-08-21 11:47,59537.44,59539.15,59519.35,59539.14,6.99522000000003
2024-08-21 11:47,59539.14,59539.15,59539.14,59539.15,0.0066500000000000005
2024-08-21 11:48,59539.14,59550.11,59523.68,59523.68,3.8169500000000123
2024-08-21 11:48,59523.68,59523.68,59523.68,59523.68,0.00324
2024-08-21 11:49,59520,59560.38,59515.78,59560.38,13.647690000000013
2024-08-21 11:50,59560.38,59567.06,59518.05,59520.31,11.362200000000009
2024-08-21 11:51,59520.31,59525.67,59512.04,59523.95,14.452130000000023
2024-08-21 11:52,59523.95,59528,59512.9,59512.91,2.441989999999995
2024-08-21 11:52,59512.9,59512.91,59512.9,59512.91,0.01839
2024-08-21 11:53,59512.91,59512.91,59473.5,59482.75,10.794480000000014
2024-08-21 11:54,59482.75,59482.75,59440,59440,10.15071000000001
2024-08-21 11:55,59437.5,59488.36,59437.49,59488.36,8.838990000000022
2024-08-21 11:55,59488.36,59488.36,59488.35,59488.35,0.014570000000000003
2024-08-21 11:56,59488.36,59501.59,59466,59480.98,2.9638200000000055
2024-08-21 11:57,59480.99,59498.54,59480.98,59498.54,2.4804400000000015
2024-08-21 11:58,59498.53,59498.54,59468.4,59468.41,6.700390000000021
2024-08-21 11:58,59468.41,59468.41,59468.41,59468.41,0.00083
2024-08-21 11:59,59468.4,59468.41,59443,59443,4.71588000000003
2024-08-21 17:14,59566,59566,59550,59552,4.413380000000005
2024-08-21 17:14,59552,59552,59548,59548.01,0.012719999999999997
2024-08-21 17:15,59548,59702.24,59517.75,59524.23,128.25083000000166
2024-08-21 17:15,59529.11,59542.1,59529.11,59542.1,0.6293600000000004
2024-08-21 17:16,59542.1,59547.92,59193.66,59328,170.8657300000072
2024-08-21 17:16,59328.01,59328.01,59316.02,59316.02,0.20839
2024-08-21 17:17,59315.16,59435.99,59304.2,59425.04,35.05179000000024
2024-08-21 17:17,59414.01,59414.01,59414,59414,0.13007
2024-08-21 17:18,59414,59496.53,59342.1,59476.01,43.83037000000019
2024-08-21 17:18,59476,59476.01,59476,59476,0.12076999999999999
2024-08-21 17:19,59476.01,59547.6,59453.26,59483.99,38.32637000000042
2024-08-21 17:19,59483.99,59483.99,59483.98,59483.99,0.0164
2024-08-21 17:20,59483.98,59634.07,59457.3,59632,55.55907000000023
2024-08-21 17:20,59631.1,59631.1,59609.42,59609.43,3.076700000000004
2024-08-21 17:21,59609.43,59725.45,59589.81,59591.99,60.77525000000047
2024-08-21 17:22,59591.99,59676.77,59589.81,59659.32,28.073890000000066
2024-08-21 17:22,59659.31,59659.32,59659.31,59659.31,0.13505
2024-08-21 17:23,59659.32,59659.32,59534.82,59626.59,52.9791900000003
2024-08-21 17:23,59626.59,59626.59,59626.59,59626.59,0.08662000000000002
2024-08-21 17:24,59626.59,59660.37,59594,59648.71,33.93252000000026
2024-08-21 17:25,59648.71,59658.75,59552,59574.3,39.415010000000144
2024-08-21 17:25,59574.3,59577,59574.29,59577,0.5262400000000002
2024-08-21 17:26,59577,59661.8,59526,59642.97,41.15717000000012
2024-08-21 17:26,59642.97,59642.97,59634,59634.01,0.30428999999999945
2024-08-21 17:27,59634.01,59662.45,59514,59567.39,76.86247000000085
2024-08-21 17:27,59567.4,59567.4,59567.4,59567.4,0.011260000000000001
2024-08-21 17:28,59567.39,59616.01,59564,59576,24.51252000000016
2024-08-21 17:28,59575.99,59575.99,59575.99,59575.99,0.00065
2024-08-21 17:29,59576,59599.94,59547.11,59599.93,14.34153000000006
2024-08-21 17:29,59599.94,59599.94,59599.93,59599.94,0.07732
2024-08-21 17:30,59599.93,59652.99,59563.25,59652.98,18.107950000000063
2024-08-21 17:30,59652.98,59652.99,59650.01,59650.01,0.9921900000000021
2024-08-21 17:31,59650,59722.71,59571.96,59722.71,26.701140000000155
2024-08-21 21:11,60025.3,60035.44,60002.83,60035.44,3.8731900000000157
2024-08-21 21:12,60035.43,60035.44,59960,59983.52,9.465480000000069
2024-08-21 21:12,59983.52,59983.52,59983.51,59983.51,0.00114
2024-08-21 21:13,59983.51,60010,59983.51,60007.55,9.897180000000013
2024-08-21 21:14,60007.54,60038,60007.54,60032,5.521110000000009
2024-08-21 21:13,60007.54,60007.54,60007.54,60007.54,0.00945
2024-08-21 21:14,60032,60032,60032,60032,0.016329999999999997
2024-08-21 21:15,60032.01,60074,60028,60031.99,13.401640000000013
2024-08-21 21:15,60031.99,60032,60031.99,60032,0.00091
2024-08-21 21:16,60031.99,60074.01,60011.24,60054.15,11.979420000000081
2024-08-21 21:16,60054.15,60054.15,60054.15,60054.15,0.00623
2024-08-21 21:17,60054.16,60074,60048,60058,11.994470000000033
2024-08-21 21:18,60057.99,60080,60044.76,60073.99,11.346210000000019
2024-08-21 21:19,60073.99,60128,60073.99,60128,41.727100000000085
2024-08-21 21:20,60128,60166.66,60125.35,60166.65,16.677570000000113
2024-08-21 21:21,60166.66,60300,60166.66,60200.81,114.13385000000136
2024-08-21 21:22,60200.81,60244,60185.89,60226.01,39.01210000000048
2024-08-21 21:22,60233.23,60235.61,60233.23,60235.61,0.09972000000000011
2024-08-21 21:23,60235.93,60292.95,60235.93,60289.99,22.739330000000148
2024-08-21 21:24,60290,60330,60265.06,60300.8,39.686270000000285
2024-08-21 21:25,60290,60323.99,60255.55,60290.01,31.58068000000043
2024-08-21 21:24,60300.79,60300.79,60295.19,60295.19,0.10046000000000024
2024-08-21 21:26,60290,60363.63,60273.67,60345.76,33.79706000000036
2024-08-21 21:27,60345.77,60407.95,60328.76,60374.53,74.933280000001
2024-08-21 21:27,60374.53,60374.53,60369.2,60369.2,0.3878999999999997
2024-08-21 21:28,60369.2,60380,60344.35,60379.99,12.846339999999946
2024-08-21 21:28,60379.99,60380,60379.99,60380,0.00129
2024-08-21 21:29,60379.99,60470.35,60372.01,60450,50.731140000000636
2024-08-21 21:29,60450,60450,60449.99,60449.99,0.33088999999999974
2024-08-21 21:30,60445.83,60479.17,60417.15,60467.54,49.95156000000054
2024-08-21 21:30,60467.54,60474.93,60467.53,60474.93,0.9195700000000016
2024-08-21 21:31,60474.92,60521.43,60474.92,60519.99,81.4671800000005
2024-08-21 21:32,60520,60555.38,60455.04,60539.99,54.881530000000204
2024-08-21 21:31,60519.99,60519.99,60519.99,60519.99,0.01344
2024-08-21 21:32,60539.99,60547.16,60539.99,60546.8,0.52668
2024-08-21 21:33,60544.13,60590,60540,60587.05,38.54711999999981
2024-08-21 21:33,60587.04,60587.04,60582,60582,0.9623000000000022
2024-08-21 21:34,60582,60588,60514.74,60563.64,25.747030000000226
2024-08-21 21:34,60564,60584,60564,60583.99,0.43331
2024-08-21 21:35,60583.99,60700,60570.53,60652.8,92.07332000000072
2024-08-21 21:35,60652.8,60659.95,60649.31,60649.31,1.2507499999999978
2024-08-21 21:36,60636.01,60713.58,60628.48,60631.81,65.82862000000036
2024-08-21 21:36,60631.81,60631.81,60631.8,60631.81,0.0108
2024-08-21 21:37,60631.81,60631.81,60512.31,60536.24,41.63461000000041
2024-08-21 21:37,60536.25,60542.37,60536.24,60536.24,0.1603500000000001
2024-08-21 21:38,60536.24,60548,60477.92,60482.16,52.19528000000017
2024-08-21 21:38,60482.16,60482.16,60482.15,60482.16,0.019970000000000005
2024-08-21 21:39,60482.16,60546.65,60482.16,60488.39,23.8294500000001
2024-08-21 21:39,60488.39,60488.39,60488.39,60488.39,0.29962999999999995
2024-08-21 21:40,60488.39,60521.37,60488.39,60504,33.29464000000025
2024-08-21 21:40,60504,60504.01,60504,60504,0.20748000000000003
2024-08-21 21:41,60504.01,60515.74,60492.1,60492.1,49.54133000000001
2024-08-21 21:41,60492.1,60492.1,60492.1,60492.1,0.01046
2024-08-21 21:42,60492.11,60565.28,60489.61,60500.01,29.79949000000023
2024-08-21 21:42,60500.01,60500.02,60500,60500,2.64185
2024-08-21 21:43,60500,60502.9,60348.97,60390.12,84.77281000000126
2024-08-21 21:43,60390.11,60390.12,60390.11,60390.12,0.00118
2024-08-21 21:44,60376,60441.88,60357.37,60411.66,34.84266000000016
2024-08-21 21:44,60411.66,60411.66,60411.66,60411.66,0.00091
2024-08-21 21:45,60411.67,60488,60411.67,60487.99,42.86668999999999
2024-08-21 21:45,60487.99,60487.99,60487.99,60487.99,0.0106
2024-08-21 21:46,60488,60525.57,60476,60525.56,37.469610000000124
2024-08-21 21:47,60525.57,60542.38,60502,60506.12,27.11977000000031
2024-08-21 21:47,60511.98,60511.99,60506.12,60511.99,0.10749000000000007
2024-08-21 21:48,60511.98,60597.67,60511.98,60561.79,44.32037000000014
2024-08-21 21:48,60561.78,60563,60561.78,60562.99,0.16618000000000013
2024-08-21 21:49,60563,60658.68,60563,60624.01,19.86484000000004
2024-08-21 21:49,60624,60624,60624,60624,0.00125
2024-08-21 21:50,60624,60672.63,60624,60663.98,12.167240000000012
2024-08-21 21:50,60663.98,60663.99,60663.98,60663.98,0.04947
2024-08-21 21:51,60663.99,60700,60661.72,60689.35,16.714490000000065
2024-08-21 21:52,60689.36,60787.48,60678,60767.01,38.52010999999997
2024-08-21 21:52,60767.01,60774,60767.01,60774,0.5685499999999994
2024-08-21 21:53,60773.99,60829.49,60754,60755.58,67.31528000000085
2024-08-21 21:53,60755.58,60755.58,60755.57,60755.57,0.32511
2024-08-21 21:54,60755.57,60828.24,60754,60819.99,43.017859999999985
2024-08-21 21:54,60820,60820,60819.99,60819.99,0.0037800000000000004
2024-08-21 21:55,60819.99,60820,60762.81,60780.01,28.00615000000005
2024-08-21 21:55,60780.02,60780.02,60780.01,60780.01,0.03938999999999999
2024-08-21 21:56,60780.01,60780.02,60700.04,60753.99,33.193820000000024
2024-08-21 21:57,60754,60794.74,60745.99,60783.99,15.381500000000031
2024-08-21 21:58,60784,60831.9,60783.99,60795.54,15.87587000000004
2024-08-21 21:59,60795.55,60819.3,60765.09,60771.28,18.424090000000056
2024-08-21 22:00,60771.29,60798.49,60747.16,60793.67,24.451590000000106
2024-08-21 22:00,60793.66,60793.91,60793.66,60793.91,0.021240000000000002
2024-08-21 22:01,60793.67,60835.92,60793.66,60823.28,20.610380000000088
2024-08-21 22:01,60823.27,60827.49,60823.27,60827.49,0.6882700000000005
2024-08-21 22:02,60827.49,60835.19,60803,60835.18,14.058980000000028
2024-08-21 22:03,60835.18,60877.8,60802.29,60802.29,61.47374000000068
2024-08-21 22:03,60802.29,60802.29,60789.73,60797.7,2.263829999999999
2024-08-21 22:04,60789.74,60798,60718.62,60754.37,37.0129900000002
2024-08-21 22:04,60754.37,60754.39,60754.37,60754.38,0.11709000000000004
2024-08-21 22:05,60754.38,60864.4,60747.48,60864.4,23.63415999999997
2024-08-21 22:05,60864.39,60864.4,60856,60856.01,0.9666500000000006
2024-08-21 22:06,60861.99,60911.64,60855.26,60907.47,62.16999999999992
2024-08-21 22:07,61025.1,61047.29,60934.66,61018.55,74.80758
2024-08-21 22:07,61018.55,61018.56,61018.55,61018.55,0.04422
2024-08-21 22:08,61018.56,61087.77,61018.55,61051.11,52.28147000000016
2024-08-21 22:09,61051.11,61058.59,60969.57,61053.05,61.53240000000039
2024-08-21 22:09,61053.04,61053.05,61053.04,61053.05,0.02485
2024-08-21 22:10,61053.05,61142.05,61040,61128,53.71798000000027
2024-08-21 22:11,61128.01,61130.18,61058.88,61108.38,29.214830000000095
2024-08-21 22:11,61108.73,61112,61108.73,61111.99,0.25334
2024-08-21 22:12,61116.85,61134.42,61090,61101.97,28.889640000000135
2024-08-21 22:12,61101.97,61101.98,61101.97,61101.97,0.05578
2024-08-21 22:13,61101.98,61105.14,61012.82,61012.83,26.5566600000003
2024-08-21 22:13,61012.82,61012.82,61012.82,61012.82,0.02910999999999999
2024-08-21 22:14,61012.82,61073.79,61012.82,61041.73,23.151440000000182
2024-08-21 22:14,61041.73,61041.73,61041.73,61041.73,0.00017
2024-08-21 22:15,61041.72,61100,61012,61040.42,33.372320000000265
2024-08-21 22:15,61040.41,61040.41,61040.41,61040.41,0.05856
2024-08-21 22:16,61040.41,61046,60905.37,60984.75,46.869140000000215
2024-08-21 22:16,60984.76,60984.94,60984.76,60984.94,0.0141
2024-08-21 22:17,60984.95,60989.72,60588.64,60975.69,267.30269000000527
2024-08-21 22:17,60976,60988,60976,60987.99,0.39705999999999986
2024-08-21 22:18,60987.99,61027.16,60850.11,60870.24,70.3917800000006
2024-08-21 22:18,60870.24,60870.24,60850.12,60860,1.2143799999999998
2024-08-21 22:19,60861.98,60899.71,60808.12,60816.02,45.899190000000196
2024-08-21 22:32,61044.24,61056.57,60996,61054,22.583910000000163
2024-08-21 22:33,61067.75,61176.46,61054.01,61154.02,46.074640000000365
2024-08-21 22:33,61154.02,61154.02,61133.89,61133.89,0.5309899999999997
2024-08-21 22:34,61147.98,61218,61107.77,61160.82,112.115080000001
2024-08-21 22:34,61160.82,61160.82,61143.26,61143.26,3.1590999999999996
2024-08-21 22:35,61143.27,61324.8,61143.26,61246,122.46635000000146
2024-08-21 22:35,61245.99,61245.99,61245.99,61245.99,0.01132
2024-08-21 22:36,61251.58,61357.9,61226.45,61249.32,84.92318000000205
2024-08-21 22:37,61256.8,61297.99,61223.54,61236,29.60147000000046
2024-08-21 22:38,61261.85,61300,61238,61299.45,25.34000000000016
2024-08-21 22:38,61299.45,61299.45,61299.45,61299.45,0.00931
2024-08-21 22:39,61299.45,61367.33,61299.45,61357.89,40.53468000000021
2024-08-21 22:39,61357.9,61357.9,61357.89,61357.89,0.5045200000000001
2024-08-21 22:40,61357.89,61400,61186.73,61293.17,133.8944600000034
2024-08-21 22:40,61293.16,61293.17,61287.99,61288.51,0.7691900000000008
2024-08-21 22:41,61291.03,61293.42,61190,61215.98,29.56134000000032
2024-08-21 22:41,61215.98,61215.99,61215.98,61215.98,0.01371
2024-08-21 22:42,61215.98,61241.08,61176.83,61176.84,23.748890000000177
2024-08-21 22:42,61176.83,61176.83,61170.41,61170.8,0.7299500000000002
2024-08-21 22:43,61170.41,61227.06,61170,61198.25,24.228650000000137
2024-08-21 22:43,61198.25,61198.25,61198.25,61198.25,0.00434
2024-08-21 22:44,61198.24,61229.26,61186.14,61186.14,13.95642000000003
2024-08-21 23:14,61541.99,61551.8,61500.22,61515.21,23.915820000000192
2024-08-21 23:14,61515.22,61515.22,61515.21,61515.21,0.01293
2024-08-21 23:15,61515.22,61530,61482,61509.98,43.20495000000007
2024-08-21 23:15,61509.99,61509.99,61509.99,61509.99,0.010249999999999999
2024-08-21 23:16,61509.98,61519.99,61435.99,61510,65.67306000000004
2024-08-21 23:16,61509.99,61510,61509.99,61509.99,0.048170000000000004
2024-08-21 23:17,61510,61605,61509.27,61578.43,178.55260000000132
2024-08-21 23:18,61578.43,61600,61529.16,61534,36.27273000000001
2024-08-21 23:19,61533.99,61546,61500,61523.17,56.25912000000005
2024-08-21 23:19,61523.17,61523.17,61523.17,61523.17,0.00027
2024-08-21 23:20,61523.16,61546,61521.53,61540.87,7.225400000000018
2024-08-21 23:20,61540.87,61540.87,61540.87,61540.87,0.02259
2024-08-21 23:21,61540.87,61540.88,61461.28,61522,22.07028000000007
2024-08-21 23:21,61522.01,61522.01,61522,61522,0.009590000000000001
2024-08-21 23:22,61522,61530,61491.28,61509.24,43.53580000000005
2024-08-21 23:22,61509.25,61509.25,61509.25,61509.25,0.0013800000000000002
2024-08-21 23:23,61509.24,61509.24,61441.36,61441.37,15.799169999999998
2024-08-21 23:23,61441.36,61441.36,61441.36,61441.36,0.00162
2024-08-21 23:24,61441.36,61458,61400.51,61407.99,35.362460000000105
2024-08-21 23:25,61407.98,61426.83,61372.02,61381.79,32.281350000000124
2024-08-21 23:25,61382,61382,61381.99,61381.99,0.28316
2024-08-21 23:26,61382,61397.33,61362.38,61362.38,28.42631000000016
2024-08-21 23:27,61362.37,61364,61309.74,61310,41.45639000000016
2024-08-21 23:28,61309.74,61316.35,61287.63,61293.99,13.853400000000045
2024-08-21 23:27,61310,61310,61309.74,61309.74,0.20029000000000005
2024-08-21 23:28,61293.99,61294,61293.99,61293.99,0.02244
2024-08-21 23:29,61293.99,61300,61248.53,61253.99,32.39046000000007
2024-08-21 23:29,61254,61254,61253.99,61254,0.03252
2024-08-21 23:30,61254,61286.68,61206.39,61218,42.18284000000027
2024-08-21 23:30,61218,61220.41,61218,61220.4,0.14323000000000002
2024-08-21 23:31,61220.41,61308.12,61216,61293.99,44.34474
2024-08-21 23:32,61294,61304.99,61284.48,61300.24,14.672870000000035
2024-08-21 23:32,61300.66,61305,61300.66,61304.99,0.5904299999999999
2024-08-21 23:33,61305,61305,61174.55,61187.1,53.46447000000015
2024-08-21 23:33,61187.1,61187.1,61187.1,61187.1,0.01469
2024-08-21 23:34,61198.53,61237.98,61157.23,61237.98,41.431160000000155
2024-08-21 23:35,61256.82,61299.8,61237.98,61283.16,26.243900000000142
2024-08-21 23:35,61283.16,61283.16,61283.16,61283.16,0.0213
2024-08-21 23:36,61283.16,61298.56,61260.34,61290.01,21.423530000000046
2024-08-21 23:36,61290.01,61290.01,61290.01,61290.01,0.02267
2024-08-21 23:37,61290,61303.33,61250.01,61250.01,10.404730000000022
2024-08-21 23:38,61250,61263.71,61229.85,61246.97,19.15905000000007
2024-08-21 23:38,61246.96,61246.97,61246.96,61246.97,0.00622
2024-08-21 23:39,61246.96,61262,61188.71,61218.28,30.098000000000127
2024-08-21 23:39,61218.28,61218.28,61218.28,61218.28,0.00108
2024-08-21 23:40,61218.28,61255.24,61193.86,61193.87,28.13301000000012
2024-08-21 23:41,61193.86,61218.98,61188.71,61214.83,19.417740000000048
2024-08-21 23:42,61214.83,61214.84,61182.22,61189.17,9.894220000000022
2024-08-21 23:42,61189.18,61189.18,61189.18,61189.18,0.00935
2024-08-21 23:43,61189.18,61209.09,61183,61197.99,14.838280000000017
2024-08-21 23:44,61197.99,61198,61173.14,61173.14,36.08151000000002
2024-08-21 23:45,61173.14,61211.32,61079.56,61102.01,55.450120000000204
2024-08-21 23:46,61102,61122.34,60988,60996.35,63.76723000000075
2024-08-21 23:46,60996.35,60996.36,60996.35,60996.36,0.03551
2024-08-21 23:47,60996.36,61081.85,60996.36,61058.71,25.955220000000217
2024-08-21 23:47,61058.71,61058.71,61058.7,61058.7,0.01812
2024-08-21 23:48,61058.7,61067.7,61000.26,61002,26.587990000000083
2024-08-21 23:48,61002.01,61005.45,61002.01,61005.45,1.9360899999999994
2024-08-21 23:49,61005.45,61011.94,60958,60958.69,33.49888000000006
2024-08-21 23:49,60958.69,60958.69,60958.68,60958.69,0.01865
2024-08-21 23:50,60958.69,60987.98,60958.68,60980.99,29.438970000000083
2024-08-21 23:50,60980.99,60980.99,60980.99,60980.99,0.00318
2024-08-21 23:51,60981,61054.56,60980.99,60990.58,27.326620000000176
2024-08-21 23:51,60990.59,60990.59,60990.58,60990.59,0.00304
2024-08-21 23:52,60990.58,61019.62,60986.07,61000.01,15.04493000000002
2024-08-21 23:52,61000,61000,60987.64,60987.64,2.582369999999999
2024-08-21 23:53,60986.01,60986.01,60902.13,60923.52,21.657670000000014
2024-08-21 23:53,60923.52,60923.52,60923.52,60923.52,0.00816
2024-08-21 23:54,60923.52,61030,60923.52,61020.28,21.135690000000157
2024-08-21 23:54,61020.27,61020.27,61020.27,61020.27,0.41859
2024-08-21 23:55,61020.28,61138.93,61020.27,61138.92,21.73643000000007
2024-08-21 23:55,61138.93,61138.93,61130,61130,5.788080000000003
2024-08-21 23:56,61130,61130.01,61071.99,61093.99,14.543750000000058
2024-08-21 23:56,61093.99,61094,61093.99,61094,0.00689
2024-08-21 23:57,61094,61178,61080.76,61158.8,24.371360000000113
2024-08-21 23:57,61158.79,61158.79,61158.46,61158.46,0.1072
2024-08-21 23:58,61158.46,61244.07,61158.46,61183,16.18447000000006
2024-08-21 23:58,61183,61183.01,61183,61183.01,0.04587
2024-08-21 23:59,61183,61244.07,61183,61235.99,26.7134000000001
2024-08-21 23:59,61236,61236,61236,61236,0.00596
2024-08-22 00:00,61236,61270,61183.05,61183.05,15.427870000000086
2024-08-22 00:00,61183,61183,61183,61183,1.2599
2024-08-22 00:01,61183,61224,61173.08,61191.91,17.383670000000006
2024-08-22 00:01,61191.91,61191.91,61191.91,61191.91,0.00666
2024-08-22 00:02,61191.92,61218.98,61174.36,61205.99,16.355890000000095
2024-08-22 00:02,61206,61206,61205.99,61205.99,0.01208
2024-08-22 00:03,61206,61222.24,61189.74,61222.24,8.254900000000003
2024-08-22 00:03,61222.98,61222.98,61222.98,61222.98,0.00207
2024-08-22 00:04,61222.99,61222.99,61066,61075.99,24.447540000000135
2024-08-22 00:04,61075.99,61076,61075.99,61075.99,0.0313
2024-08-22 00:05,61076,61076,61012,61028,22.999290000000094
2024-08-22 00:05,61028,61028.01,61028,61028.01,0.03108
2024-08-22 00:06,61028.01,61104,61027.99,61086.79,15.566430000000066
2024-08-22 00:06,61086.78,61086.78,61086.78,61086.78,0.00022
2024-08-22 00:07,61086.79,61086.79,61010.16,61010.17,10.635249999999997
2024-08-22 00:07,61010.17,61010.17,61010.16,61010.16,0.00912
2024-08-22 00:08,61010.17,61036.85,60928,61036.85,38.17423
2024-08-22 00:08,61036.85,61047.41,61036.84,61047.41,1.4858099999999994
2024-08-22 00:09,61048,61094.37,61010.95,61012,24.830410000000096
2024-08-22 00:10,61012.01,61026,61000,61007.17,8.575630000000016
2024-08-22 00:10,61007.17,61007.18,61007.17,61007.17,0.012260000000000002
2024-08-22 00:11,61007.18,61007.18,60981.57,60981.57,3.89151
2024-08-22 09:07,60890.42,60890.42,60864,60866.7,7.0972899999999415
2024-08-22 09:08,60866.71,60900.62,60864,60886.93,6.672110000000017
2024-08-22 09:08,60886.93,60886.93,60886.93,60886.93,0.022930000000000002
2024-08-22 09:09,60886.93,60923.35,60870,60918.01,16.534919999999957
2024-08-22 09:09,60918,60918,60918,60918,0.00075
2024-08-22 09:10,60918.01,60922,60918,60922,3.798820000000004
2024-08-22 09:11,60922,60944.53,60921.99,60922,15.116299999999892
2024-08-22 09:11,60922,60922,60922,60922,0.00013
2024-08-22 09:12,60922.01,60922.01,60875.5,60899.66,11.248009999999738
2024-08-22 09:13,60899.66,60899.67,60879.86,60879.87,4.158100000000005
2024-08-22 09:14,60879.87,60879.87,60795.45,60810.21,41.58703999999947
2024-08-22 09:14,60810.21,60810.21,60810.21,60810.21,0.01577
2024-08-22 09:15,60810.21,60836.01,60804,60836,7.027309999999948
2024-08-22 09:15,60836.01,60836.01,60834.73,60834.73,1.085000000000001
2024-08-22 09:16,60834.73,60834.74,60822.81,60822.81,4.048490000000017
2024-08-22 09:17,60822.82,60837.77,60822.82,60835.82,10.253189999999966
2024-08-22 09:18,60835.83,60850.97,60819.85,60832.03,10.717919999999916
2024-08-22 09:18,60832.03,60832.03,60814.56,60814.56,1.6158899999999994
2024-08-22 09:19,60814.56,60825.65,60779,60779,9.852099999999842
2024-08-22 09:19,60779,60779,60779,60779,0.004
2024-08-22 09:20,60779,60779.01,60707.77,60728.56,19.87465000000034
2024-08-22 09:20,60728.57,60729.6,60728.57,60729.6,0.02066
2024-08-22 09:21,60730.08,60772,60725.12,60743.92,8.673809999999946
2024-08-22 09:21,60743.92,60743.92,60743.92,60743.92,0.0034
2024-08-22 09:22,60743.91,60761.99,60743.91,60752,7.7768999999999995
2024-08-22 09:23,60752,60752,60728.5,60737.99,14.0072599999999
2024-08-22 09:24,60737.99,60750,60718.78,60718.78,4.941369999999974
2024-08-22 09:24,60718.79,60718.79,60718.78,60718.78,0.01205
2024-08-22 09:25,60718.79,60751.08,60717.02,60751.08,5.967079999999992
2024-08-22 09:25,60751.08,60751.08,60751.07,60751.07,0.4160500000000001
2024-08-22 09:26,60751.08,60765.13,60741.96,60746.09,6.367899999999986
2024-08-22 09:27,60746.09,60788,60746.09,60778.74,4.980740000000007
2024-08-22 09:27,60778.74,60778.75,60778.74,60778.75,0.0005
2024-08-22 09:28,60778.74,60783.43,60766.68,60769.48,2.1785999999999976
2024-08-22 09:28,60769.48,60769.48,60769.48,60769.48,0.008
2024-08-22 09:29,60769.49,60780.04,60766.51,60773.99,3.3710000000000155
2024-08-22 09:30,60774,60803.93,60770.88,60770.88,7.253809999999966
2024-08-22 09:30,60770.88,60770.88,60770.88,60770.88,0.036
2024-08-22 09:31,60770.89,60791.76,60768,60774,15.155599999999902
2024-08-22 09:31,60774,60774,60774,60774,0.03681
2024-08-22 09:32,60774,60775.04,60739,60739.01,10.388499999999885
2024-08-22 09:33,60739,60747,60724,60747,17.508639999999932
2024-08-22 09:34,60747,60759.79,60738,60759.79,8.420299999999981
2024-08-22 09:35,60759.78,60759.79,60734.87,60734.88,3.044010000000005
2024-08-22 09:36,60734.88,60739.86,60712.61,60739.72,3.280499999999995
2024-08-22 09:36,60739.72,60748,60737.65,60737.65,1.2058399999999956
2024-08-22 09:37,60737.66,60743.99,60734.87,60743.99,2.448039999999999
2024-08-22 09:38,60743.98,60743.99,60732,60732.01,4.1291799999999945
2024-08-22 09:39,60732,60732.01,60712.03,60725.97,3.422680000000011
2024-08-22 09:39,60725.97,60725.98,60725.97,60725.98,0.029790000000000004
2024-08-22 09:40,60725.97,60747.8,60719.29,60736,18.52641999999996
2024-08-22 09:40,60736,60736,60736,60736,0.048000000000000015
2024-08-22 09:41,60736,60736,60708.33,60708.34,5.411249999999975
2024-08-22 09:41,60708.33,60708.34,60708.33,60708.34,0.07188000000000003
2024-08-22 09:42,60708.34,60732,60708.33,60730.11,3.66983999999999
2024-08-22 09:42,60730.12,60730.12,60730.11,60730.11,0.00101
2024-08-22 09:43,60730.11,60730.12,60719.07,60719.08,3.5406800000000036
2024-08-22 09:43,60719.08,60728.19,60719.08,60728.19,0.4573799999999996
2024-08-22 09:44,60730.12,60747.52,60728.98,60728.99,6.04870999999998
2024-08-22 09:44,60728.99,60728.99,60728.99,60728.99,0.01599
2024-08-22 09:45,60728.98,60760,60720.3,60759.99,8.044780000000015
2024-08-22 09:45,60760,60760,60760,60760,0.011070000000000002
2024-08-22 09:46,60759.99,60788.54,60759.99,60776.01,14.578859999999986
2024-08-22 09:46,60776,60776.01,60776,60776,0.01951
2024-08-22 09:47,60776.01,60784.02,60776,60778.01,4.654340000000012
2024-08-22 09:47,60778,60778,60778,60778,0.01463
2024-08-22 09:48,60778,60780.96,60769.61,60779.62,7.773700000000017
2024-08-22 09:48,60779.62,60779.62,60779.62,60779.62,0.00055
2024-08-22 09:49,60779.62,60808,60779.62,60785.79,10.822639999999964
2024-08-22 09:49,60785.79,60785.79,60785.78,60785.78,0.11351000000000008
2024-08-22 09:50,60785.78,60825.65,60785.78,60816.57,4.891849999999999
2024-08-22 09:50,60816.58,60816.58,60816.57,60816.57,0.0022199999999999998
2024-08-22 09:51,60816.57,60816.58,60785.78,60800.01,4.570900000000013
2024-08-22 09:51,60800,60800.01,60800,60800.01,0.00683
2024-08-22 09:52,60800.01,60804.95,60787.86,60791.39,4.498480000000021
2024-08-22 09:52,60791.38,60791.38,60791.38,60791.38,0.05200000000000002
2024-08-22 09:53,60791.39,60795.46,60791.38,60795.46,1.979810000000001
2024-08-22 09:53,60795.46,60795.46,60795.46,60795.46,0.00032
2024-08-22 09:54,60795.45,60795.46,60780,60780.01,7.391140000000001
2024-08-22 09:54,60780.01,60780.01,60780.01,60780.01,0.0011099999999999999
2024-08-22 09:55,60780,60785.8,60765.12,60765.13,6.3394999999999735
2024-08-22 09:55,60765.12,60765.12,60762.94,60762.94,0.35496000000000016
2024-08-22 09:56,60762.93,60762.93,60742.59,60748.31,5.223470000000007
2024-08-22 09:56,60748.31,60748.31,60748.31,60748.31,0.00342
2024-08-22 09:57,60748.31,60753,60745.83,60753,1.2635800000000006
2024-08-22 09:58,60752.99,60772.65,60752.99,60758,5.403830000000004
2024-08-22 09:58,60758,60758.01,60758,60758.01,0.00563
2024-08-22 09:59,60758,60762.92,60750.75,60762.91,1.4932300000000023
2024-08-22 10:00,60762.92,60775.69,60762.91,60766.56,3.3482100000000012
2024-08-22 10:00,60766.55,60766.55,60766.55,60766.55,0.01149
2024-08-22 10:01,60766.56,60766.56,60749.12,60749.12,2.2684100000000043
2024-08-22 10:02,60749.13,60800,60749.13,60799.99,3.2487200000000076
2024-08-22 10:02,60800,60800,60800,60800,0.0009
2024-08-22 10:03,60799.99,60825.65,60799.99,60825.64,6.405019999999998
2024-08-22 10:04,60825.65,60825.65,60806.81,60811.99,3.087900000000004
2024-08-22 10:05,60812,60812,60804,60808.51,6.7957200000000135
2024-08-22 10:05,60808.5,60808.51,60808.5,60808.51,0.003310000000000001
2024-08-22 10:06,60808.51,60820,60791.3,60794.63,5.857850000000023
2024-08-22 10:07,60794.62,60807.21,60770,60778.61,8.841870000000004
2024-08-22 10:08,60778.61,60778.62,60749.13,60749.14,4.603280000000017
2024-08-22 10:09,60749.14,60749.14,60725.22,60725.23,4.601140000000014
2024-08-22 10:09,60725.22,60725.22,60725.22,60725.22,0.2480000000000001
2024-08-22 10:10,60725.22,60725.23,60715.53,60715.53,7.810719999999998
2024-08-22 10:10,60715.54,60715.54,60715.53,60715.53,0.12169
2024-08-22 10:11,60715.53,60715.54,60708.69,60708.69,6.7436000000000025
2024-08-22 10:12,60708.69,60737.31,60708.69,60720.27,8.747010000000014
2024-08-22 10:12,60720.26,60720.26,60720.26,60720.26,0.0074600000000000005
2024-08-22 10:13,60720.27,60727.04,60719.92,60724,6.681180000000004
2024-08-22 10:13,60723.99,60723.99,60723.99,60723.99,0.01976
2024-08-22 10:14,60724,60740.03,60721.84,60740.02,5.3363699999999925
2024-08-22 10:14,60740.02,60740.02,60740.02,60740.02,0.006359999999999999
2024-08-22 10:15,60757.98,60825.66,60740.03,60810.53,53.22144999999995
2024-08-22 10:15,60810.53,60810.53,60810.53,60810.53,0.00833
2024-08-22 10:16,60810.54,60825.66,60806,60811.51,18.950420000000022
2024-08-22 10:17,60811.52,60811.52,60784,60797.46,7.142220000000034
2024-08-22 10:18,60797.45,60805.42,60762.47,60787.83,23.296309999999984
2024-08-22 10:19,60787.83,60796.25,60787.83,60794.2,3.1410500000000057
2024-08-22 10:20,60794.21,60808.35,60788,60795.18,10.136920000000014
2024-08-22 10:20,60795.18,60795.18,60795.18,60795.18,0.02028
2024-08-22 10:21,60795.18,60805.13,60788.01,60796,4.915090000000005
2024-08-22 10:21,60796,60796,60788,60788.01,0.9675899999999995
2024-08-22 10:22,60788.01,60788.01,60742.49,60748,17.018389999999954
2024-08-22 10:22,60748,60752.23,60747.99,60752.23,1.2171699999999999
2024-08-22 10:23,60753.15,60761.61,60726.9,60726.9,7.254020000000047
2024-08-22 10:23,60726.91,60726.91,60726.9,60726.9,0.00111
2024-08-22 10:24,60726.91,60736.91,60716,60716.01,6.340090000000016
2024-08-22 10:24,60716,60716,60716,60716,0.0232
2024-08-22 10:25,60716.01,60755.68,60714.05,60755.67,6.84976000000001
2024-08-22 10:25,60755.67,60755.67,60755.67,60755.67,0.034050000000000004
2024-08-22 10:26,60755.68,60755.68,60724,60741.51,4.596470000000017
2024-08-22 10:26,60741.5,60741.5,60741.5,60741.5,0.08
2024-08-22 10:27,60741.5,60750.01,60731.35,60750,7.431960000000013
2024-08-22 10:27,60750.01,60750.01,60750.01,60750.01,0.07148000000000002
2024-08-22 10:28,60750.01,60771.26,60750,60771.26,4.759320000000001
2024-08-22 10:28,60771.26,60771.26,60771.26,60771.26,0.0003
2024-08-22 10:29,60771.25,60778.59,60765.13,60778.59,14.360069999999988
2024-08-22 10:30,60778.58,60794.99,60778.58,60780.01,10.079890000000004
2024-08-22 10:30,60780.01,60780.02,60780.01,60780.01,0.26191000000000003
2024-08-22 10:31,60780.01,60780.01,60735.99,60735.99,9.034410000000019
2024-08-22 10:32,60736,60752.18,60735.99,60752,5.531530000000014
2024-08-22 10:33,60751.99,60760.85,60750,60750,4.882679999999994
2024-08-22 10:34,60750,60759.3,60744.01,60759.29,3.1521100000000035
2024-08-22 10:34,60759.3,60772.71,60759.3,60772.71,0.5397399999999999
2024-08-22 10:35,60772.57,60795.39,60772.57,60795.38,3.4994500000000057
2024-08-22 10:35,60795.38,60795.38,60795.38,60795.38,0.001
2024-08-22 10:36,60795.38,60795.39,60766.09,60766.1,2.7880600000000078
2024-08-22 10:36,60766.09,60766.09,60766.09,60766.09,0.00575
2024-08-22 10:37,60766.09,60772.02,60753.02,60772.02,12.516069999999967
2024-08-22 10:37,60772.02,60772.02,60772.01,60772.02,0.00413
2024-08-22 10:38,60772.02,60808.46,60772.01,60795.38,7.812909999999993
2024-08-22 10:38,60795.38,60795.39,60795.38,60795.39,0.5481400000000001
2024-08-22 10:39,60795.39,60824.37,60795.38,60824.36,9.353719999999992
2024-08-22 10:40,60824.36,60824.37,60806.03,60809.15,9.751120000000022
2024-08-22 10:40,60809.15,60809.15,60809.14,60809.14,0.12254
2024-08-22 10:41,60809.15,60816.83,60795.72,60809.15,16.750369999999993
2024-08-22 10:41,60809.15,60809.15,60809.15,60809.15,0.008660000000000001
2024-08-22 10:42,60809.14,60819.33,60809.14,60819.33,3.6145000000000005
2024-08-22 10:48,60849.99,60870.78,60849.99,60870.78,16.182429999999986
2024-08-22 10:48,60870.78,60874.99,60870.78,60874.99,0.6109900000000004
2024-08-22 10:49,60875,60906.91,60868.86,60906.91,10.830280000000004
2024-08-22 10:50,60906.91,60908,60893.23,60908,9.211160000000001
2024-08-22 10:50,60907.99,60908,60907.99,60907.99,0.00957
2024-08-22 10:51,60907.99,60916.42,60875.2,60875.21,12.686210000000026
2024-08-22 10:51,60875.21,60884.6,60875.21,60884.6,0.34150000000000014
2024-08-22 10:52,60884.6,60903.33,60872.38,60872.39,6.722550000000003
2024-08-22 10:52,60872.38,60872.38,60872.38,60872.38,0.004209999999999999
2024-08-22 10:53,60872.39,60920.92,60872.38,60920.91,13.743439999999998
2024-08-22 10:53,60920.92,60921.45,60920.92,60921.44,0.07623999999999999
2024-08-22 10:54,60921.44,60939.35,60921.44,60932.15,9.614259999999994
2024-08-22 10:55,60932.15,60950,60927.38,60935.99,12.82909999999999
2024-08-22 10:55,60936,60940,60936,60939.99,0.23092000000000018
2024-08-22 10:56,60939.99,61114.23,60939.99,61100,160.69894999999903
2024-08-22 10:56,61100,61103.19,61090,61092.42,4.488800000000002
2024-08-22 10:57,61090,61099,61000,61022.93,56.188420000000725
2024-08-22 10:57,61022.94,61022.94,61022.94,61022.94,0.00014
2024-08-22 10:58,61022.93,61022.94,60979.78,60987.99,15.75586999999998
2024-08-22 10:58,60987.99,60987.99,60981.7,60981.71,0.90062
2024-08-22 10:59,60981.7,60998,60981.7,60989.49,5.726190000000009
2024-08-22 10:59,60989.5,60989.5,60984.31,60984.31,0.12347000000000015
2024-08-22 11:00,60984.31,61024,60978,60991.23,17.941850000000116
2024-08-22 11:00,60991.22,60991.22,60991.22,60991.22,0.03361
2024-08-22 11:01,60991.22,61032,60991.22,61031.99,11.62324999999999
2024-08-22 11:01,61032,61032,61032,61032,0.2002
2024-08-22 11:02,61032.17,61032.18,60991.22,60998.72,11.282799999999968
2024-08-22 11:02,60998.71,60998.71,60998.71,60998.71,0.00183
2024-08-22 11:03,60998.72,60998.72,60940.64,60940.64,11.199740000000027
2024-08-22 11:03,60940.65,60940.65,60940.65,60940.65,0.03281
2024-08-22 11:04,60940.65,60941.22,60918.25,60918.25,18.569390000000013
2024-08-22 11:04,60918.26,60918.26,60918.26,60918.26,0.00276
2024-08-22 11:05,60918.25,60942.9,60918.25,60939.69,11.05736000000001
2024-08-22 11:05,60939.69,60941.1,60939.68,60939.68,0.14464999999999997
2024-08-22 11:06,60939.34,60939.34,60904.8,60915.85,11.650259999999964
2024-08-22 11:06,60918.25,60935.1,60915.86,60935.09,1.1464300000000007
2024-08-22 11:07,60935.1,60955.35,60908,60934.98,31.005609999999997
2024-08-22 11:07,60934.97,60934.98,60934.97,60934.97,0.01663
2024-08-22 11:08,60934.97,60941.19,60910.5,60910.5,19.835849999999997
2024-08-22 11:08,60910.01,60910.01,60910,60910.01,0.1777
2024-08-22 11:09,60910,60931.99,60908,60908.01,8.654770000000031
2024-08-22 11:09,60908,60908,60902.87,60902.87,1.6875799999999994
2024-08-22 11:10,60902.88,60918.3,60880.39,60907.76,64.44832000000002
2024-08-22 11:10,60907.75,60907.76,60907.75,60907.76,0.41472000000000003
2024-08-22 11:11,60907.75,60908.29,60866.21,60866.21,15.710590000000012
2024-08-22 11:11,60866.21,60866.22,60866.21,60866.21,0.014810000000000002
2024-08-22 11:12,60866.21,60874.95,60866.21,60874.25,7.268370000000009
2024-08-22 11:12,60874.24,60874.24,60874.24,60874.24,0.00389
2024-08-22 11:13,60874.24,60902.87,60859.79,60861,10.929900000000076
2024-08-22 11:13,60861,60861.01,60861,60861.01,0.00208
2024-08-22 11:14,60861.01,60897.83,60861,60887.99,5.143320000000022
2024-08-22 11:14,60887.99,60887.99,60887.99,60887.99,0.01764
2024-08-22 11:15,60887.99,60891.29,60862.15,60883.99,9.864900000000024
2024-08-22 11:15,60883.99,60883.99,60883.99,60883.99,0.00072
2024-08-22 11:16,60884,60897.83,60879.55,60884,8.581360000000016
2024-08-22 11:16,60883.99,60883.99,60883.99,60883.99,0.00853
2024-08-22 11:17,60884,60932.17,60884,60932.16,8.774329999999997
2024-08-22 11:17,60932.17,60932.17,60932.17,60932.17,0.03106
2024-08-22 11:18,60932.17,60964,60927.71,60964,6.069170000000001
2024-08-22 11:19,60964,60970,60956,60963.04,3.8435600000000183
2024-08-22 11:19,60963.05,60963.05,60963.05,60963.05,0.00032
2024-08-22 11:20,60963.04,60963.05,60950,60950,3.833560000000017
2024-08-22 11:21,60950,60963.05,60950,60962.76,3.2016199999999997
2024-08-22 11:22,60962.75,61032,60962.75,61016,17.40489000000003
2024-08-22 11:22,61016,61016,61015.99,61015.99,0.00459
2024-08-22 11:23,61015.99,61040,60998.22,61023.89,22.093270000000036
2024-08-22 11:23,61023.89,61023.89,61023.88,61023.88,0.008
2024-08-22 11:24,61023.89,61023.89,60998.22,61011.98,11.50268000000002
2024-08-22 11:24,61011.99,61011.99,61011.98,61011.99,0.6572399999999999
2024-08-22 11:25,61011.99,61070.71,61009.52,61054.38,13.325680000000013
2024-08-22 11:25,61054.39,61054.39,61054.38,61054.38,0.31597000000000003
2024-08-22 11:26,61050.01,61070.8,61043.71,61052.02,15.160289999999996
2024-08-22 11:26,61052.01,61052.01,61052.01,61052.01,0.01719
2024-08-22 11:27,61052.02,61052.02,61000,61002.08,7.489819999999998
2024-08-22 11:27,61002.07,61002.07,61002.07,61002.07,0.50515
2024-08-22 11:28,61002.08,61002.08,60988.25,60988.25,7.716740000000002
2024-08-22 11:29,60988.25,61032,60976.92,61024.01,8.444590000000012
2024-08-22 11:28,60988.25,60988.25,60988.25,60988.25,0.00716
2024-08-22 11:29,61024,61024.01,61024,61024,0.01401
2024-08-22 11:30,61024,61037.44,60996.29,61019.78,7.104080000000019
2024-08-22 11:30,61019.78,61019.78,61014,61014,0.28459000000000007
2024-08-22 11:31,61013.88,61013.88,60992,60993.87,3.5510900000000047
2024-08-22 11:32,60993.87,60993.88,60983.05,60988,5.833999999999997
2024-08-22 11:32,60987.99,60987.99,60987.99,60987.99,0.12566
2024-08-22 11:33,60988,61016,60973.72,61016,7.406020000000018
2024-08-22 11:34,61016,61016,60976.92,60986,9.480609999999993
2024-08-22 11:35,60985.99,61000,60982.51,60985.98,5.117000000000022
2024-08-22 11:35,60985.98,60985.98,60985.98,60985.98,0.00014
2024-08-22 11:36,60985.99,61019.11,60985.98,61019.1,3.888830000000002
2024-08-22 11:37,61019.1,61041.14,61013.48,61033.99,16.359140000000046
2024-08-22 11:37,61033.99,61034,61033.99,61034,0.0067599999999999995
2024-08-22 11:38,61033.99,61060,61031.07,61059.99,13.848989999999969
2024-08-22 11:38,61060,61060,61059.99,61060,0.018979999999999997
2024-08-22 11:39,61059.99,61072.01,61059.99,61072,7.977710000000009
2024-08-22 11:40,61072.01,61112,61071.41,61075,21.232200000000056
2024-08-22 11:40,61075,61075,61074.98,61074.99,0.30160999999999993
2024-08-22 11:41,61074.99,61084.26,61030.68,61050.72,31.104870000000123
2024-08-22 11:41,61050.72,61050.72,61050.71,61050.71,0.00953
2024-08-22 11:42,61050.72,61067.7,61019,61022.52,16.291120000000028
2024-08-22 11:42,61022.51,61022.52,61022.51,61022.51,0.01231
2024-08-22 11:43,61022.52,61023.66,60985.98,60985.99,18.942940000000178
2024-08-22 11:43,60985.98,60985.98,60985.97,60985.97,0.019280000000000002
2024-08-22 11:44,60985.97,60985.97,60932.55,60950.87,21.46438000000023
2024-08-22 11:45,60950.87,60970,60944.43,60944.44,6.636290000000032
2024-08-22 11:45,60944.43,60944.43,60944.43,60944.43,0.00911
2024-08-22 11:46,60944.43,60944.43,60909.45,60911.15,9.907870000000038
2024-08-22 11:46,60911.15,60911.26,60911.14,60911.26,0.01228
2024-08-22 11:47,60911.25,60929.85,60900,60929.84,7.933150000000016
2024-08-22 11:47,60929.85,60929.85,60929.85,60929.85,0.0004
2024-08-22 11:48,60929.84,60970,60929.84,60970,6.731500000000003
2024-08-22 11:48,60970,60970,60969.99,60969.99,0.00065
2024-08-22 11:49,60970,60975.99,60963.35,60975.99,21.31740000000003
2024-08-22 11:50,60975.98,61000,60975.98,60993.78,6.459900000000011
2024-08-22 11:51,60993.77,61000,60977.64,61000,10.676130000000025
2024-08-22 11:52,61000,61003.21,60986,60986.01,5.100030000000012
2024-08-22 11:52,60986.01,60986.01,60986.01,60986.01,0.00351
2024-08-22 11:53,60986.01,60988.92,60980,60986,2.8311899999999994
2024-08-22 11:53,60985.99,60985.99,60985.99,60985.99,0.00042
2024-08-22 11:54,60986,61000,60953.02,60953.03,22.690410000000025
2024-08-22 11:55,60953.03,60968,60911.06,60911.06,11.340939999999923
2024-08-22 11:56,60911.06,60918,60894.65,60895.46,10.354920000000027
2024-08-22 11:57,60895.45,60913.9,60895.45,60913.9,5.678430000000003
2024-08-22 11:58,60913.89,60954,60913.89,60953.99,5.359040000000006
2024-08-22 11:58,60953.99,60954,60953.99,60954,0.013470000000000001
2024-08-22 11:59,60953.99,60956,60926.8,60926.81,8.405210000000002
2024-08-22 12:16,60849.99,60849.99,60802.38,60821.27,11.375110000000031
2024-08-22 12:16,60821.26,60821.85,60821.26,60821.85,0.24253000000000008
2024-08-22 12:17,60821.84,60855.9,60812.71,60855.89,12.393400000000012
2024-08-22 12:17,60855.89,60855.9,60855.89,60855.9,0.0832
2024-08-22 12:18,60855.9,60880.87,60851.51,60880.87,5.66639000000001
2024-08-22 12:18,60880.87,60880.87,60880.87,60880.87,0.00878
2024-08-22 12:19,60880.87,60920,60880.86,60920,8.921639999999993
2024-08-22 12:19,60919.99,60920,60919.99,60920,0.006300000000000001
2024-08-22 12:20,60920,60942,60918.84,60942,4.062039999999997
2024-08-22 12:20,60942,60942,60942,60942,0.02266
2024-08-22 12:21,60942,60942,60900.92,60900.97,5.746430000000023
2024-08-22 12:21,60901.99,60906,60901.99,60905.99,0.17154
2024-08-22 12:22,60905.99,60916.42,60882,60916.41,7.505280000000001
2024-08-22 12:22,60916.41,60916.42,60916.41,60916.42,0.00573
2024-08-22 12:23,60916.41,60927,60895.99,60927,8.864440000000048
2024-08-22 12:23,60927,60927,60927,60927,0.00051
2024-08-22 12:24,60926.99,60946.67,60926.99,60928.69,3.793420000000004
2024-08-22 12:24,60928.68,60928.68,60928.68,60928.68,0.03238
2024-08-22 12:25,60928.68,60936.97,60928.68,60936.96,3.8054599999999987
2024-08-22 12:25,60936.96,60936.97,60936.96,60936.96,0.033330000000000005
2024-08-22 12:26,60936.96,60950,60917.33,60917.33,9.097920000000022
2024-08-22 12:26,60917.34,60917.34,60917.33,60917.33,0.06273
2024-08-22 12:27,60917.33,60917.34,60882.01,60905.95,10.392929999999994
2024-08-22 12:27,60905.95,60905.96,60905.95,60905.96,0.08004
2024-08-22 12:28,60905.95,60940,60902.85,60940,6.479080000000008
2024-08-22 12:28,60940,60940,60939.99,60939.99,0.00205
2024-08-22 12:29,60940,60955,60939.99,60947.29,4.15957000000001
2024-08-22 12:29,60947.29,60947.29,60947.28,60947.28,0.5043300000000002
2024-08-22 12:30,60947.29,60947.29,60936.52,60936.86,2.2299100000000016
2024-08-22 12:30,60941.26,60950,60941.26,60950,0.3725199999999998
2024-08-22 12:31,60949.99,60976.32,60938.93,60938.93,14.386190000000004
2024-08-22 12:31,60938.92,60938.92,60936.6,60936.6,0.25181999999999993
2024-08-22 12:32,60936.59,60936.6,60915.78,60918.12,9.823010000000016
2024-08-22 12:32,60918.12,60918.12,60918.12,60918.12,0.00074
2024-08-22 12:33,60918.11,60931.11,60912.83,60918.11,4.39076
2024-08-22 12:34,60918.11,60920.7,60903.78,60915.99,7.401400000000022
2024-08-22 12:34,60915.98,60915.99,60915.98,60915.99,0.01027
2024-08-22 12:35,60915.99,60955,60915.99,60950.53,10.593040000000007
2024-08-22 12:35,60950.53,60950.54,60950.53,60950.53,0.014249999999999999
2024-08-22 12:36,60950.54,60950.54,60908.21,60917.65,10.927830000000009
2024-08-22 12:37,60917.64,60925.59,60908.21,60925.58,5.110469999999997
2024-08-22 12:38,60925.59,60933.89,60918.48,60933.88,6.671730000000001
2024-08-22 12:39,60933.88,60933.89,60908.21,60911.46,6.816839999999997
2024-08-22 12:40,60911.46,60926.06,60906.77,60916.4,7.530020000000022
2024-08-22 12:41,60916.4,60916.41,60885.35,60885.35,8.644630000000017
2024-08-22 12:41,60885.36,60885.36,60885.36,60885.36,0.00011
2024-08-22 12:42,60885.35,60900,60875.36,60891.16,5.584450000000018
2024-08-22 12:42,60891.16,60891.16,60891.16,60891.16,0.00046
2024-08-22 12:43,60891.16,60891.16,60867.21,60887.6,7.551930000000022
2024-08-22 12:43,60887.61,60887.61,60887.61,60887.61,0.00105
2024-08-22 12:44,60887.61,60893.42,60863.55,60871.9,18.75551000000001
2024-08-22 12:44,60871.9,60874,60871.9,60874,0.10821000000000014
2024-08-22 12:45,60873.99,60892.77,60873.99,60892.5,14.22974000000001
2024-08-22 12:46,60892.5,60892.5,60852,60852.79,9.451020000000009
2024-08-22 12:46,60852.79,60852.79,60852.79,60852.79,0.01315
2024-08-22 12:47,60852.79,60864,60829.85,60863.99,7.4946700000000455
2024-08-22 12:47,60863.99,60864,60863.99,60864,0.0008600000000000001
2024-08-22 12:48,60863.99,60878,60858.68,60858.69,7.356050000000023
2024-08-22 12:48,60858.68,60858.68,60858.68,60858.68,0.00526
2024-08-22 12:49,60858.68,60883.29,60855.89,60868.49,40.491470000000064
2024-08-22 12:49,60868.49,60868.49,60868.49,60868.49,0.01
2024-08-22 12:50,60868.5,60868.5,60836.23,60839.98,3.540420000000001
2024-08-22 12:50,60839.99,60839.99,60839.98,60839.98,0.2453599999999999
2024-08-22 12:51,60839.98,60850,60834,60849.99,5.16135000000001
2024-08-22 12:52,60849.99,60879.24,60849.99,60879.23,3.514510000000002
2024-08-22 12:53,60879.23,60904.54,60879.23,60880,10.204899999999995
2024-08-22 12:53,60880.01,60880.01,60880,60880,0.0013
2024-08-22 12:54,60880,60880.01,60868,60873.99,2.412029999999999
2024-08-22 12:55,60873.99,60930.01,60868.01,60930.01,34.60089000000001
2024-08-22 12:56,60930,60930.01,60918.58,60918.59,26.22874000000007
2024-08-22 12:56,60918.58,60918.58,60918.58,60918.58,0.0023
2024-08-22 12:57,60918.58,60918.59,60910.48,60915.92,5.582910000000006
2024-08-22 12:57,60915.91,60915.92,60915.91,60915.92,0.014920000000000001
2024-08-22 12:58,60915.92,60926.79,60894,60894.01,7.09746000000001
2024-08-22 12:58,60894,60894,60894,60894,0.15070999999999998
2024-08-22 12:59,60894,60894.01,60882.5,60887.98,2.2512500000000037
2024-08-22 13:00,60887.99,60897.12,60876,60897,9.921890000000033
2024-08-22 13:00,60896.99,60896.99,60896.99,60896.99,0.00497
2024-08-22 13:01,60896.99,60912.98,60874,60874.01,7.691240000000038
2024-08-22 13:01,60874.01,60874.01,60874.01,60874.01,0.00078
2024-08-22 13:02,60874.01,60881.88,60873.51,60873.53,4.900420000000004
2024-08-22 13:03,60873.53,60880.91,60827.12,60853.99,16.813310000000033
2024-08-22 13:03,60853.99,60853.99,60853.99,60853.99,0.00473
2024-08-22 13:04,60853.99,60868,60853.99,60867.99,2.7953600000000023
2024-08-22 13:04,60868,60868,60868,60868,0.010669999999999999
2024-08-22 13:05,60867.99,60881.05,60867.99,60881.05,3.8211700000000075
2024-08-22 13:06,60881.04,60885.52,60870,60872.62,4.102770000000012
2024-08-22 13:06,60872.61,60872.62,60872.61,60872.61,0.0006200000000000001
2024-08-22 13:07,60872.62,60885.52,60872.61,60885.52,2.7667100000000033
2024-08-22 13:08,60885.52,60907.8,60885.52,60892.76,8.519820000000033
2024-08-22 13:09,60892.76,60910,60883.63,60905.43,5.324750000000017
2024-08-22 13:10,60905.43,60916.42,60905.42,60915.68,3.293349999999997
2024-08-22 13:10,60915.68,60915.68,60915.67,60915.67,0.00398
2024-08-22 13:11,60915.67,60926.78,60915.03,60926.77,4.614929999999998
2024-08-22 13:11,60926.77,60926.78,60926.77,60926.78,0.0020800000000000003
2024-08-22 13:12,60926.77,60927.43,60900,60909.99,4.929460000000018
2024-08-22 13:12,60910,60910,60909.99,60909.99,0.06458
2024-08-22 13:13,60909.99,60920,60904.17,60910.23,2.5444600000000004
2024-08-22 13:14,60910.23,60940.74,60910.23,60928.12,27.04368999999992
2024-08-22 13:14,60928.13,60928.13,60928.13,60928.13,0.00601
2024-08-22 13:15,60928.13,60942.01,60928.12,60942.01,5.780480000000003
2024-08-22 13:16,60942.01,60957.79,60939.14,60955.06,7.509560000000011
2024-08-22 13:17,60955.06,60955.07,60946.66,60946.66,3.536180000000014
2024-08-22 13:17,60946.66,60946.67,60946.66,60946.67,0.00949
2024-08-22 13:18,60946.67,60968.2,60946.67,60968.2,4.086140000000014
2024-08-22 13:18,60968.19,60968.19,60968.19,60968.19,0.00097
2024-08-22 13:19,60968.19,61007.18,60968.19,61007.17,15.156119999999978
2024-08-22 13:20,61007.17,61015,60998.99,60999.92,10.480049999999975
2024-08-22 13:21,60999.92,60999.92,60976.91,60976.91,9.170420000000009
2024-08-22 13:22,60976.92,60993.9,60969.77,60974.99,4.624720000000024
2024-08-22 13:23,60975,61007.18,60965.99,61007.18,3.8708099999999996
2024-08-22 13:23,61007.18,61007.18,61007.18,61007.18,0.00024
2024-08-22 13:24,61007.18,61023.17,61007.17,61023.16,3.6381499999999973
2024-08-22 13:25,61023.17,61031.89,61023.16,61031.89,10.787849999999947
2024-08-22 13:26,61031.88,61031.89,61001.58,61009.42,7.173670000000005
2024-08-22 13:26,61009.42,61009.42,61009.42,61009.42,0.00018
2024-08-22 13:27,61009.43,61016,60988.91,61005.8,8.886610000000028
2024-08-22 13:28,61005.8,61069.78,61005.79,61059.88,31.871389999999998
2024-08-22 13:28,61059.88,61059.88,61059.88,61059.88,0.14884
2024-08-22 13:29,61059.88,61090,61052,61089.99,21.981460000000045
2024-08-22 13:37,61178,61182,61166.99,61167,4.09529
2024-08-22 13:37,61167,61167,61166.99,61166.99,0.020429999999999997
2024-08-22 13:38,61166.99,61170.3,61159.49,61160,8.265030000000005
2024-08-22 13:38,61159.99,61159.99,61159.99,61159.99,0.0212
2024-08-22 13:39,61160,61170,61124,61133.69,16.428050000000034
2024-08-22 13:39,61133.7,61133.7,61133.7,61133.7,0.00016
2024-08-22 13:40,61133.69,61243,61128.25,61229.14,33.13072000000011
2024-08-22 13:40,61229.15,61231.54,61229.15,61231.54,0.08428000000000006
2024-08-22 13:41,61231.53,61267,61228,61240.64,16.47807000000006
2024-08-22 13:41,61240.63,61240.64,61240.63,61240.63,0.00258
2024-08-22 13:42,61240.63,61278.76,61240.63,61247.99,11.405460000000035
2024-08-22 13:43,61247.99,61248,61209.65,61224.94,7.956860000000024
2024-08-22 13:44,61224.94,61249.23,61224.93,61249.23,6.9456099999999985
2024-08-22 13:44,61249.24,61249.24,61249.24,61249.24,0.00099
2024-08-22 13:45,61249.24,61264,61218.97,61218.97,9.356660000000034
2024-08-22 13:45,61218.98,61229.22,61218.98,61229.22,0.8102600000000023
2024-08-22 13:46,61229.22,61258.12,61229.22,61234.02,9.500620000000016
2024-08-22 13:46,61234.02,61234.02,61234.02,61234.02,0.01668
2024-08-22 13:47,61234.01,61262.09,61234.01,61259.87,11.449720000000022
2024-08-22 13:48,61259.88,61287,61250,61286.85,13.048749999999988
2024-08-22 13:48,61286.86,61286.86,61286.86,61286.86,0.014010000000000002
2024-08-22 13:49,61286.85,61297.08,61286.85,61297.07,9.651329999999968
2024-08-22 13:49,61297.07,61297.08,61297.07,61297.08,0.0025199999999999997
2024-08-22 13:50,61297.08,61297.08,61286.85,61294.99,14.351169999999758
2024-08-22 13:50,61295,61295,61294.99,61294.99,0.04743
2024-08-22 13:51,61295,61311.92,61266.36,61272.52,27.024260000000158
2024-08-22 13:51,61272.53,61272.53,61272.52,61272.52,0.21248
2024-08-22 13:52,61272.53,61298.21,61240,61298.2,29.094389999999994
2024-08-22 13:52,61298.21,61298.21,61298.21,61298.21,0.00333
2024-08-22 13:53,61298.21,61298.48,61271.99,61286.94,18.638270000000237
2024-08-22 13:54,61286.94,61300,61280,61290.8,9.51685000000003
2024-08-22 13:55,61290.8,61351.5,61290.8,61346,30.500799999999984
2024-08-22 13:55,61345.99,61346,61345.99,61346,0.0024200000000000003
2024-08-22 13:56,61346,61346,61306.32,61328,14.64244000000003
2024-08-22 13:56,61328,61328,61328,61328,0.00334
2024-08-22 13:57,61328,61389.81,61327.99,61343.97,36.17572000000011
2024-08-22 13:58,61343.98,61400,61341,61370.25,59.59285999999998
2024-08-22 13:59,61370.25,61377.48,61347.32,61347.41,35.80163000000027
2024-08-22 13:59,61347.41,61350.02,61347.41,61350.01,0.16834000000000002
2024-08-22 14:00,61350.02,61377.71,61318.01,61339.95,37.07593000000057
2024-08-22 22:57,60291.99,60292,60291.99,60292,0.5216500000000001
2024-08-22 22:58,60291.99,60320.56,60291.99,60320.55,9.990450000000004
2024-08-22 22:59,60324.78,60334.11,60254,60254.48,11.422250000000039
2024-08-22 22:58,60320.55,60320.56,60320.55,60320.56,0.00042
2024-08-22 22:59,60268.01,60278.06,60250.76,60272,3.883690000000013
2024-08-22 22:59,60276.01,60294.87,60248,60294.87,4.055810000000014
2024-08-22 23:00,60322,60322,60292,60292,6.986750000000034
2024-08-22 23:01,60305.99,60345.05,60288,60345.04,9.310320000000006
2024-08-22 23:01,60345.05,60345.05,60345.05,60345.05,0.00179
2024-08-22 23:02,60345.04,60362,60333.56,60333.56,8.357870000000014
2024-08-22 22:59,60294.86,60308,60252.19,60308,0.5250699999999989
2024-08-22 23:00,60307.99,60340,60307.99,60322,2.7983700000000167
2024-08-22 23:00,60322,60322.01,60322,60322,0.017429999999999998
2024-08-22 23:02,60333.57,60333.57,60333.57,60333.57,0.00082
2024-08-22 23:03,60333.57,60346,60329.95,60346,12.78925999999998
2024-08-22 23:04,60346,60550.01,60345.99,60504.5,155.81591000000273
2024-08-22 23:05,60504.5,60504.51,60346.87,60391.99,84.35495000000132
2024-08-22 23:05,60392,60392,60392,60392,0.00054
2024-08-22 23:06,60391.99,60423.98,60391.99,60422.72,21.579640000000115
2024-08-22 23:06,60422.71,60422.71,60422.69,60422.69,0.0057599999999999995
2024-08-22 23:07,60422.68,60422.68,60387.78,60408,13.17226000000001
2024-08-22 23:07,60407.99,60407.99,60407.99,60407.99,0.0009
2024-08-22 23:08,60408,60418.01,60392.31,60415.61,27.292470000000023
2024-08-22 23:08,60415.61,60418.01,60415.61,60418.01,0.43304999999999966
2024-08-22 23:09,60418,60418.01,60391.09,60391.09,5.921680000000015
2024-08-22 23:10,60391.09,60410,60380.96,60399.97,9.633380000000008
2024-08-22 23:10,60399.98,60399.98,60399.97,60399.97,0.00905
2024-08-22 23:11,60399.97,60418,60397.17,60417.99,1.831699999999991
2024-08-22 23:12,60417.99,60418,60407.75,60407.76,9.383939999999999
2024-08-22 23:13,60407.75,60418.01,60407.75,60418.01,8.913390000000001
2024-08-22 23:14,60418,60418.75,60402.05,60402.05,6.7689700000000155
2024-08-22 23:14,60402.05,60402.05,60402.05,60402.05,0.00421
2024-08-22 23:15,60402.05,60410.51,60336.5,60336.5,27.319160000000007
2024-08-22 23:16,60336.5,60362,60336.5,60349.99,5.585120000000037
2024-08-22 23:17,60349.99,60350,60333.01,60333.01,5.4549499999999975
2024-08-22 23:18,60333.01,60342.62,60333.01,60342.61,4.253390000000001
2024-08-22 23:18,60342.61,60342.61,60342.61,60342.61,0.00166
2024-08-22 23:19,60342.61,60350.01,60342.61,60344,2.703000000000004
2024-08-22 23:20,60344,60344.01,60322.13,60323.23,4.0279900000000115
2024-08-22 23:21,60323.23,60332,60316.78,60316.78,5.613690000000024
2024-08-22 23:21,60316.33,60316.33,60315.73,60315.74,0.46087
2024-08-22 23:22,60315.74,60315.74,60305.44,60305.44,3.3358500000000144
2024-08-22 23:22,60305.44,60305.44,60305.44,60305.44,0.01965
2024-08-22 23:23,60305.44,60338,60305.44,60338,5.028350000000009
2024-08-22 23:23,60338,60345.64,60338,60344,0.19977000000000006
2024-08-22 23:24,60345.99,60370,60345.98,60370,3.441340000000012
2024-08-22 23:25,60370,60370,60352.53,60352.53,3.14702000000001
2024-08-22 23:25,60352.54,60352.54,60352.53,60352.53,0.03109
2024-08-22 23:26,60352.53,60352.54,60328,60328,5.478000000000006
2024-08-22 23:26,60328.01,60328.01,60328,60328,0.011040000000000001
2024-08-22 23:27,60328,60346.88,60319.22,60346.88,1.7071699999999979
2024-08-22 23:27,60346.88,60346.88,60346.87,60346.87,0.01075
2024-08-22 23:28,60346.87,60371.8,60346.87,60371.79,3.2146799999999978
2024-08-22 23:29,60371.79,60371.8,60371.79,60371.79,0.8763000000000001
2024-08-22 23:29,60371.8,60371.8,60371.8,60371.8,0.00215
2024-08-22 23:30,60371.79,60407.03,60371.79,60402.05,3.223730000000013
2024-08-22 23:30,60402.06,60402.06,60402.05,60402.05,0.00665
2024-08-22 23:31,60402.05,60402.06,60361.35,60362.72,9.429140000000013
2024-08-22 23:31,60362.72,60362.72,60362.72,60362.72,0.0025099999999999996
2024-08-22 23:32,60362.72,60410.71,60362.72,60398,10.991090000000042
2024-08-22 23:32,60398,60398.01,60398,60398.01,0.09085
2024-08-22 23:33,60398.01,60408,60384.21,60408,5.039919999999998
2024-08-22 23:34,60408,60412,60408,60408.01,1.6499999999999955
2024-08-22 23:34,60408.01,60408.01,60408,60408,0.00389
2024-08-22 23:35,60408,60408.01,60396,60396.01,1.3479899999999994
2024-08-22 23:35,60396,60396,60396,60396,0.001
2024-08-22 23:36,60396.01,60405.24,60388,60405.23,1.790759999999992
2024-08-22 23:37,60405.23,60405.24,60363.47,60369.99,3.4738799999999994
2024-08-22 23:37,60369.99,60369.99,60369.99,60369.99,0.00045
2024-08-22 23:38,60369.99,60370,60369.99,60369.99,3.0681999999999996
2024-08-22 23:38,60369.99,60369.99,60369.99,60369.99,0.00016
2024-08-22 23:39,60369.99,60370,60369.99,60369.99,1.1425100000000001
2024-08-22 23:39,60369.99,60369.99,60369.99,60369.99,0.0395
2024-08-22 23:40,60369.99,60391.44,60369.99,60372.02,3.9722800000000023
2024-08-22 23:40,60372.02,60372.03,60372.02,60372.03,0.00626
2024-08-22 23:41,60372.02,60372.02,60361.14,60361.14,2.1759399999999993
2024-08-22 23:42,60361.14,60361.15,60354.19,60354.2,1.9472799999999997
2024-08-22 23:42,60354.2,60354.2,60354.2,60354.2,0.00041
2024-08-22 23:43,60354.19,60354.2,60354.19,60354.19,0.9866899999999997
2024-08-22 23:44,60354.19,60370,60354.19,60369.99,2.0414499999999927
2024-08-22 23:45,60369.99,60395.99,60369.99,60395.87,6.8554
2024-08-22 23:45,60395.87,60395.87,60395.87,60395.87,0.050800000000000005
2024-08-22 23:46,60395.87,60395.88,60384.04,60393.45,4.901380000000012
2024-08-22 23:46,60393.45,60399.56,60393.45,60399.55,0.7365700000000021
2024-08-22 23:47,60399.55,60411.99,60390,60390,2.9281599999999943
2024-08-22 23:47,60390,60390.01,60390,60390,0.15388000000000002
2024-08-22 23:48,60390.01,60409.85,60383.17,60409.84,3.0787699999999893
2024-08-22 23:48,60409.85,60411.99,60409.85,60411.98,0.49132999999999993
2024-08-22 23:49,60411.98,60449.99,60411.98,60438.01,7.8270200000000205
2024-08-22 23:49,60438,60438,60438,60438,0.00032
2024-08-22 23:50,60438,60441.5,60407.24,60407.24,6.274760000000017
2024-08-22 23:50,60407.24,60407.24,60407.24,60407.24,0.00071
2024-08-22 23:51,60407.24,60418.75,60402.05,60412.14,9.699550000000011
2024-08-22 23:52,60412.13,60426,60412.13,60426,2.0229499999999994
2024-08-22 23:52,60425.99,60425.99,60425.99,60425.99,0.00058
2024-08-22 23:53,60425.99,60450,60425.99,60439.39,8.020030000000009
2024-08-22 23:54,60439.4,60444,60439.39,60443.99,3.954270000000003
2024-08-22 23:54,60444,60444,60444,60444,0.00082
2024-08-22 23:55,60443.99,60457.36,60439.41,60457.35,5.850350000000003
2024-08-22 23:56,60457.35,60669.5,60457.35,60633.35,101.96650999999896
2024-08-22 23:56,60633.36,60633.36,60633.35,60633.35,0.00924
2024-08-22 23:57,60633.35,60633.36,60542.37,60549.73,21.942640000000008
2024-08-22 23:57,60549.72,60549.72,60549.72,60549.72,0.00019
2024-08-22 23:58,60549.72,60620.1,60549.72,60614.51,62.96672000000017
2024-08-22 23:58,60614.52,60618.32,60614.52,60615.63,2.558679999999997
2024-08-22 23:59,60615.63,60691.2,60614.32,60690,51.85010000000011
2024-08-22 23:59,60690.01,60690.01,60680,60680.01,0.21773000000000006
2024-08-23 00:00,60680,60707.88,60622,60622,24.022470000000112
2024-08-23 00:01,60622,60664,60613.84,60613.84,10.028790000000031
2024-08-23 00:02,60613.84,60626,60600,60600.01,8.487270000000006
2024-08-23 00:02,60600.01,60600.01,60600,60600,0.00598
2024-08-23 00:03,60600,60600.01,60585,60599.99,4.807070000000012
2024-08-23 00:04,60599.98,60599.99,60589.85,60599.98,3.6869399999999968
2024-08-23 00:04,60599.98,60599.98,60599.97,60599.97,0.032940000000000004
2024-08-23 00:05,60599.97,60599.98,60545.39,60545.4,13.772310000000017
2024-08-23 00:06,60545.39,60574,60545.38,60573.99,3.7328600000000054
2024-08-23 00:06,60573.99,60573.99,60573.99,60573.99,0.0025599999999999998
2024-08-23 00:07,60574,60574,60551.16,60551.17,2.2277300000000007
2024-08-23 00:07,60551.16,60551.16,60551.16,60551.16,0.00015
2024-08-23 00:08,60551.17,60553.24,60520.33,60520.33,16.77460999999993
2024-08-23 00:09,60520.33,60542.01,60520.33,60542,2.9679000000000118
2024-08-23 01:11,60515.88,60520.01,60512.77,60512.78,1.33235
2024-08-23 01:12,60512.78,60535.63,60512.77,60535.63,4.11553000000001
2024-08-23 01:13,60535.62,60535.63,60518.23,60518.23,2.3334700000000037
2024-08-23 01:14,60518.23,60539.85,60518.23,60523.08,1.8160999999999845
2024-08-23 01:14,60523.08,60523.08,60523.07,60523.08,0.014620000000000001
2024-08-23 01:15,60523.07,60523.08,60495.99,60499.73,5.607060000000019
2024-08-23 01:15,60499.73,60499.74,60499.73,60499.73,0.02839
2024-08-23 01:16,60495.99,60499.73,60470,60474.85,4.992020000000024
2024-08-23 01:17,60474.85,60474.86,60457.59,60457.99,3.521650000000014
2024-08-23 01:17,60457.99,60457.99,60457.99,60457.99,0.00405
2024-08-23 01:18,60457.99,60462.57,60400,60439.9,50.08399999999995
2024-08-23 01:18,60439.9,60439.9,60439.89,60439.89,0.13310000000000002
2024-08-23 01:19,60439.89,60454.21,60433.37,60437.99,8.528160000000009
2024-08-23 01:20,60437.99,60454.56,60437.99,60454.55,1.7988699999999949
2024-08-23 01:20,60454.55,60454.56,60454.55,60454.56,0.02548
2024-08-23 01:21,60454.55,60454.56,60424.01,60424.01,3.7787600000000094
2024-08-23 01:21,60424.01,60424.01,60424.01,60424.01,0.016550000000000002
2024-08-23 01:22,60424.02,60460,60424.02,60458.65,3.362339999999999
2024-08-23 01:22,60458.65,60458.65,60458.65,60458.65,0.0026
2024-08-23 01:23,60458.65,60505.35,60458.64,60505.34,10.089990000000006
2024-08-23 01:24,60505.34,60505.35,60492.82,60492.82,1.8590699999999984
2024-08-23 01:25,60492.83,60514.8,60492.82,60514.8,2.718569999999991
2024-08-23 01:25,60514.8,60514.8,60514.8,60514.8,0.00261
2024-08-23 01:26,60514.8,60523.08,60514.79,60523.08,2.762699999999975
2024-08-23 01:27,60523.07,60530.12,60512,60530.11,2.3726900000000004
2024-08-23 01:27,60530.11,60530.11,60530.11,60530.11,0.03679
2024-08-23 01:28,60530.11,60539.84,60518,60518,3.3561299999999954
2024-08-23 01:29,60518.01,60528,60518,60528,2.844050000000005
2024-08-23 01:30,60527.99,60528,60506,60506.01,1.8628399999999947
2024-08-23 01:30,60506.01,60506.01,60506,60506,0.00299
2024-08-23 01:31,60506,60511.49,60506,60511.48,1.5775599999999994
2024-08-23 10:10,61158.77,61158.78,61150.47,61150.47,3.7032600000000038
2024-08-23 10:18,61108,61108,61108,61108,0.00029
2024-08-23 10:19,61108,61108,61105.62,61105.63,3.7626099999999987
2024-08-23 10:21,61070,61088.05,61068.63,61088.04,3.530559999999999
2024-08-23 10:22,61088.05,61088.05,61068.95,61068.95,4.310480000000016
2024-08-23 10:23,61068.94,61085.65,61067.11,61069.3,9.491360000000004
2024-08-23 10:57,61105.8,61105.8,61039.99,61039.99,17.352000000000015
2024-08-23 10:59,61075.35,61075.35,61064.83,61069.27,4.306710000000013
2024-08-23 11:00,61069.26,61069.27,61040,61040.01,8.059490000000029
2024-08-23 11:01,61040,61066.26,61036.84,61066.25,6.8730300000000195
2024-08-23 11:02,61066.26,61125,61066.25,61121.15,21.863560000000014
2024-08-23 11:02,61121.16,61121.16,61121.15,61121.15,0.04214000000000001
2024-08-23 11:03,61121.15,61123.99,61121.15,61123.98,3.2394000000000083
2024-08-23 11:04,61123.99,61132.88,61123.99,61129.87,7.184080000000003
2024-08-23 11:04,61129.88,61129.88,61129.87,61129.87,0.024059999999999998
2024-08-23 11:05,61129.87,61144,61124.97,61134.83,22.675700000000077
2024-08-23 11:05,61134.83,61134.83,61134.82,61134.83,0.1378
2024-08-23 11:06,61134.82,61141.99,61134.82,61138.88,4.014290000000003
2024-08-23 11:06,61138.87,61138.88,61138.87,61138.88,0.00615
2024-08-23 11:07,61138.88,61141.99,61138.87,61141.99,2.0164499999999994
